5.0306980803327406E-17 0.9999999929072588 
0.8518328476786476 -0.7733690123265075 
0.8518328476786476 -0.7733690123265075 
5.0306980803327406E-17 0.9999999929072588 
0.409313779795165 0.2421596805058752 
0.823331938045924 -0.45826618194265833 
0.2577624638312807 0.24216108547811033 
0.03721615344025901 0.7728302366680067 
0.6183969738708913 -0.12422157659479746 
0.4538819423220585 -0.124218444742657 
0.6525120490505347 -0.45826332563402095 
0.4219489676304068 0.08208324413787609 
0.17381835171404977 0.710469793403059 
0.6346291697764096 -0.3257591803089504 
0.43606936937770524 -0.05532654172823538 
0.8342147281918042 -0.6451859039662438 
0.1914339815385394 0.6133654355299467 
0.6234343145029453 -0.20651586250252243 
0.2218276217139842 0.39369979489388596 
0.8291081083676821 -0.5576674582051735 
