0.8518333259920938 0.0 1.1824385218164475E-17 3.201594934447159E-17 1.0062482792521414E-17 1.279079519249781E-16 1.4516008726683457E-16 3.53569346968309E-17 3.576059882875485E-17 0.0 5.4246921120172434E-17 1.6512557002476352E-17 1.1204593163307604E-16 0.0 5.109355003941855E-17 1.0158065948499082E-16 0.0 1.2384677873978092E-16 0.0 0.0 2.976478005834636E-17 2.6111307482092173E-16 5.970484264354673E-17 3.756663305567022E-17 0.0 0.0 3.392851850458913E-17 2.5685777157065007E-16 0.0 1.6649143756942627E-16 
5.0306980803327406E-17 0.0 1.1824385218164475E-17 3.201594934447159E-17 1.0062482792521414E-17 1.279079519249781E-16 1.4516008726683457E-16 3.53569346968309E-17 3.576059882875485E-17 0.0 5.4246921120172434E-17 1.6512557002476352E-17 1.1204593163307604E-16 0.0 5.109355003941855E-17 1.0158065948499082E-16 0.0 1.2384677873978092E-16 0.0 0.0 2.976478005834636E-17 2.6111307482092173E-16 5.970484264354673E-17 3.756663305567022E-17 0.0 0.0 3.392851850458913E-17 2.5685777157065007E-16 0.0 1.6649143756942627E-16 
5.0306980803327406E-17 0.0 1.1824385218164475E-17 3.201594934447159E-17 1.0062482792521414E-17 1.279079519249781E-16 1.4516008726683457E-16 3.53569346968309E-17 3.576059882875485E-17 0.0 5.4246921120172434E-17 1.6512557002476352E-17 1.1204593163307604E-16 0.0 5.109355003941855E-17 1.0158065948499082E-16 0.0 1.2384677873978092E-16 0.0 0.0 2.976478005834636E-17 2.6111307482092173E-16 5.970484264354673E-17 3.756663305567022E-17 0.0 0.0 3.392851850458913E-17 2.5685777157065007E-16 0.0 1.6649143756942627E-16 
0.8518333259920938 0.0 1.1824385218164475E-17 3.201594934447159E-17 1.0062482792521414E-17 1.279079519249781E-16 1.4516008726683457E-16 3.53569346968309E-17 3.576059882875485E-17 0.0 5.4246921120172434E-17 1.6512557002476352E-17 1.1204593163307604E-16 0.0 5.109355003941855E-17 1.0158065948499082E-16 0.0 1.2384677873978092E-16 0.0 0.0 2.976478005834636E-17 2.6111307482092173E-16 5.970484264354673E-17 3.756663305567022E-17 0.0 0.0 3.392851850458913E-17 2.5685777157065007E-16 0.0 1.6649143756942627E-16 
0.2798386345806031 0.0 1.1824385218164475E-17 3.201594934447159E-17 1.0062482792521414E-17 1.279079519249781E-16 1.4484815114131049E-6 3.53569346968309E-17 3.576059882875485E-17 0.0 5.4246921120172434E-17 1.6512557002476352E-17 1.1204593163307604E-16 0.0 5.109355003941855E-17 0.004519413668825347 0.0 1.2384677873978092E-16 0.0 0.0 2.976478005834636E-17 6.689873857165722E-7 5.970484264354673E-17 3.756663305567022E-17 0.0 0.0 3.392851850458913E-17 2.5685777157065007E-16 0.0 1.6649143756942627E-16 
0.07801922945494588 0.0 1.1824385218164475E-17 3.201594934447159E-17 1.0062482792521414E-17 1.279079519249781E-16 1.4516008726683457E-16 3.53569346968309E-17 3.576059882875485E-17 0.0 5.4246921120172434E-17 1.6512557002476352E-17 1.1204593163307604E-16 0.0 5.109355003941855E-17 1.0158065948499082E-16 0.0 1.2384677873978092E-16 0.0 0.0 2.976478005834636E-17 2.6111307482092173E-16 5.970484264354673E-17 3.756663305567022E-17 0.0 0.0 3.392851850458913E-17 2.5685777157065007E-16 0.0 1.6649143756942627E-16 
0.8089908911328381 0.0 1.1824385218164475E-17 3.201594934447159E-17 1.0062482792521414E-17 1.279079519249781E-16 1.4516008726683457E-16 3.53569346968309E-17 3.576059882875485E-17 0.0 5.4246921120172434E-17 1.6512557002476352E-17 1.1204593163307604E-16 0.0 5.109355003941855E-17 1.0158065948499082E-16 0.0 1.2384677873978092E-16 0.0 0.0 2.976478005834636E-17 2.6111307482092173E-16 5.970484264354673E-17 3.756663305567022E-17 0.0 0.0 3.392851850458913E-17 2.5685777157065007E-16 0.0 1.6649143756942627E-16 
0.4131946612757418 9.048745320505003E-14 1.1824385218164475E-17 3.201594934447159E-17 0.013212821776863237 1.279079519249781E-16 3.4137784804318914E-17 3.53569346968309E-17 3.576059882875485E-17 0.0 5.4246921120172434E-17 1.6512557002476352E-17 1.1204593163307604E-16 0.0 5.109355003941855E-17 1.0158065948499082E-16 0.0 1.2384677873978092E-16 0.0 0.0 2.976478005834636E-17 2.6111307482092173E-16 5.970484264354673E-17 3.756663305567022E-17 0.0 0.0 3.392851850458913E-17 2.5685777157065007E-16 0.0 1.6649143756942627E-16 
0.45386199737996386 9.048745320505003E-14 1.1824385218164475E-17 3.201594934447159E-17 1.0062482792521414E-17 1.279079519249781E-16 3.4137784804318914E-17 3.53569346968309E-17 3.576059882875485E-17 0.0 5.4246921120172434E-17 1.6512557002476352E-17 1.1204593163307604E-16 0.0 5.109355003941855E-17 1.0158065948499082E-16 0.0 1.2384677873978092E-16 0.0 0.0 2.976478005834636E-17 2.6111307482092173E-16 5.970484264354673E-17 3.756663305567022E-17 0.0 0.0 3.392851850458913E-17 2.5685777157065007E-16 0.0 1.6649143756942627E-16 
0.817780170033547 0.0 1.1824385218164475E-17 3.201594934447159E-17 1.0062482792521414E-17 1.279079519249781E-16 1.4516008726683457E-16 3.53569346968309E-17 3.576059882875485E-17 0.0 5.4246921120172434E-17 1.6512557002476352E-17 1.1204593163307604E-16 0.0 5.109355003941855E-17 1.0158065948499082E-16 0.0 1.2384677873978092E-16 0.0 0.0 0.027004479853722483 2.6111307482092173E-16 5.970484264354673E-17 3.756663305567022E-17 0.0 0.0 3.392851850458913E-17 2.5685777157065007E-16 0.0 1.6649143756942627E-16 
