19090.0 -16910.064218311854 
20344.0 -16952.616292931558 
20344.0 -16952.616292931558 
19090.0 -16910.064218311854 
19374.0 -16939.36999718775 
19362.0 -16911.95879210374 
19662.0 -16946.585537165243 
19620.0 -16940.384274834632 
19911.0 -16947.599814812125 
19325.0 -16911.51864403123 
20307.0 -16952.17614485905 
19127.0 -16910.50436638435 
20109.0 -16951.16186721217 
19660.0 -16940.82442290713 
19948.0 -16948.039962884628 
20072.0 -16950.721719139674 
19948.0 -16948.039962884628 
20072.0 -16950.721719139674 
19127.0 -16910.50436638435 
20109.0 -16951.16186721217 
19325.0 -16911.51864403123 
20307.0 -16952.17614485905 
19911.0 -16947.599814812125 
19374.0 -16939.36999718775 
19362.0 -16911.95879210374 
19660.0 -16940.82442290713 
20344.0 -16952.616292931558 
19090.0 -16910.064218311854 
19948.0 -16948.039962884628 
20072.0 -16950.721719139674 
19127.0 -16910.50436638435 
20109.0 -16951.16186721217 
19911.0 -16947.599814812125 
19325.0 -16911.51864403123 
20307.0 -16952.17614485905 
19362.0 -16911.95879210374 
19660.0 -16940.82442290713 
20344.0 -16952.616292931558 
19090.0 -16910.064218311854 
19948.0 -16948.039962884628 
20072.0 -16950.721719139674 
20109.0 -16951.16186721217 
19127.0 -16910.50436638435 
19911.0 -16947.599814812125 
19325.0 -16911.51864403123 
20307.0 -16952.17614485905 
19362.0 -16911.95879210374 
19660.0 -16940.82442290713 
20344.0 -16952.616292931558 
19090.0 -16910.064218311854 
19948.0 -16948.039962884628 
20072.0 -16950.721719139674 
20109.0 -16951.16186721217 
19127.0 -16910.50436638435 
19325.0 -16911.51864403123 
19911.0 -16947.599814812125 
20307.0 -16952.17614485905 
19362.0 -16911.95879210374 
19660.0 -16940.82442290713 
19090.0 -16910.064218311854 
20344.0 -16952.616292931558 
19948.0 -16948.039962884628 
20072.0 -16950.721719139674 
20109.0 -16951.16186721217 
19127.0 -16910.50436638435 
20307.0 -16952.17614485905 
19325.0 -16911.51864403123 
19911.0 -16947.599814812125 
19362.0 -16911.95879210374 
19660.0 -16940.82442290713 
19090.0 -16910.064218311854 
20344.0 -16952.616292931558 
19948.0 -16948.039962884628 
20072.0 -16950.721719139674 
19127.0 -16910.50436638435 
20109.0 -16951.16186721217 
20307.0 -16952.17614485905 
19911.0 -16947.599814812125 
19325.0 -16911.51864403123 
19362.0 -16911.95879210374 
19660.0 -16940.82442290713 
20344.0 -16952.616292931558 
19090.0 -16910.064218311854 
19948.0 -16948.039962884628 
20072.0 -16950.721719139674 
20109.0 -16951.16186721217 
19127.0 -16910.50436638435 
19325.0 -16911.51864403123 
20307.0 -16952.17614485905 
19911.0 -16947.599814812125 
19660.0 -16940.82442290713 
19362.0 -16911.95879210374 
19090.0 -16910.064218311854 
20344.0 -16952.616292931558 
19948.0 -16948.039962884628 
20072.0 -16950.721719139674 
20109.0 -16951.16186721217 
19127.0 -16910.50436638435 
19325.0 -16911.51864403123 
19911.0 -16947.599814812125 
