2.7755575615628914E-17 0.9999999947316441 
0.8518328805780941 -0.7733690123265438 
2.7755575615628914E-17 0.9999999947316441 
0.8518328805780941 -0.7733690123265438 
0.6525112974409774 -0.4582633256191505 
0.823331824255882 -0.45826385574286344 
0.40931392685027645 0.2421577125573725 
0.6183970601478205 -0.12422308249151179 
0.08716999553370933 0.6705627078904073 
0.45388180234172415 -0.12421844472795787 
0.2577625116729561 0.2421610854796808 
0.18506839954632007 0.6536314660486562 
0.6288817939849172 -0.2884999816700595 
0.02539824748411007 0.822449168048902 
0.42706766930885653 0.025547986311024624 
0.8322476043597531 -0.618413503137413 
0.2068156132343337 0.5021827249102606 
0.22847614458089266 0.3578352177298251 
0.4316314626138785 -0.018581281375663776 
0.2136870923784864 0.48198424254406697 
