2.7755575615628914E-17 2.039827900679581E-16 5.1992986644818116E-17 0.0 0.0 0.0 2.3039839610278756E-17 5.296829359477373E-18 3.895867243627265E-17 4.984305475486727E-17 0.0 5.185026170807496E-17 2.1344321937899606E-17 3.3608098043637296E-17 3.2901355030049245E-17 4.132656082666948E-17 3.483530452661211E-17 1.9044786778089656E-17 1.457581298722619E-16 4.590326744540769E-17 1.7841469767723103E-17 0.0 0.0 5.434506673559801E-17 1.2511231229933997E-17 7.560473470868769E-17 4.406184719022086E-17 5.353119955607847E-18 0.0 5.331589408883469E-17 
0.8518328805780941 2.039827900679581E-16 5.1992986644818116E-17 0.0 0.0 0.0 2.3039839610278756E-17 5.296829359477373E-18 3.895867243627265E-17 4.984305475486727E-17 0.0 5.185026170807496E-17 2.1344321937899606E-17 3.3608098043637296E-17 3.2901355030049245E-17 4.132656082666948E-17 3.483530452661211E-17 1.9044786778089656E-17 3.4735827409746237E-17 4.590326744540769E-17 1.7841469767723103E-17 0.0 0.0 5.434506673559801E-17 1.2511231229933997E-17 0.0 4.406184719022086E-17 5.353119955607847E-18 0.0 5.331589408883469E-17 
2.7755575615628914E-17 2.039827900679581E-16 5.1992986644818116E-17 0.0 0.0 0.0 2.3039839610278756E-17 5.296829359477373E-18 3.895867243627265E-17 4.984305475486727E-17 0.0 5.185026170807496E-17 2.1344321937899606E-17 3.3608098043637296E-17 3.2901355030049245E-17 4.132656082666948E-17 1.4585760698912777E-16 1.9044786778089656E-17 3.4735827409746237E-17 4.590326744540769E-17 1.7841469767723103E-17 0.0 0.0 5.434506673559801E-17 1.2511231229933997E-17 0.0 4.406184719022086E-17 5.353119955607847E-18 0.0 5.331589408883469E-17 
0.8518328805780941 9.296048760544245E-17 5.1992986644818116E-17 0.0 0.0 0.0 2.3039839610278756E-17 5.296829359477373E-18 3.895867243627265E-17 4.984305475486727E-17 0.0 5.185026170807496E-17 2.1344321937899606E-17 3.3608098043637296E-17 3.2901355030049245E-17 4.132656082666948E-17 3.483530452661211E-17 1.9044786778089656E-17 3.4735827409746237E-17 4.590326744540769E-17 1.7841469767723103E-17 0.0 0.0 5.434506673559801E-17 1.2511231229933997E-17 7.560473470868769E-17 4.406184719022086E-17 5.353119955607847E-18 0.0 5.331589408883469E-17 
0.6525112974409774 2.039827900679581E-16 5.1992986644818116E-17 0.0 0.0 0.0 2.3039839610278756E-17 5.296829359477373E-18 3.895867243627265E-17 4.984305475486727E-17 0.0 5.185026170807496E-17 2.1344321937899606E-17 3.3608098043637296E-17 3.2901355030049245E-17 4.132656082666948E-17 1.4585760698912777E-16 1.9044786778089656E-17 3.4735827409746237E-17 4.590326744540769E-17 1.7841469767723103E-17 0.0 0.0 5.434506673559801E-17 1.2511231229933997E-17 7.560473470868769E-17 4.406184719022086E-17 5.353119955607847E-18 0.0 5.331589408883469E-17 
0.823331824255882 9.296048760544245E-17 5.1992986644818116E-17 1.0426521587642179E-16 0.0 0.0 1.340621420727944E-16 1.1631913182199303E-16 3.895867243627265E-17 4.984305475486727E-17 0.0 5.185026170807496E-17 2.1344321937899606E-17 3.3608098043637296E-17 3.2901355030049245E-17 4.132656082666948E-17 1.4585760698912777E-16 1.9044786778089656E-17 1.457581298722619E-16 1.5692556990792334E-16 1.7841469767723103E-17 0.0 0.0 1.6536736919811366E-16 1.2511231229933997E-17 7.560473470868769E-17 4.406184719022086E-17 5.353119955607847E-18 0.0 5.331589408883469E-17 
0.40931392685027645 2.039827900679581E-16 5.1992986644818116E-17 0.0 0.0 0.0 2.3039839610278756E-17 5.296829359477373E-18 3.895867243627265E-17 4.984305475486727E-17 0.0 5.185026170807496E-17 2.1344321937899606E-17 3.3608098043637296E-17 3.2901355030049245E-17 4.132656082666948E-17 1.4585760698912777E-16 1.9044786778089656E-17 3.4735827409746237E-17 4.590326744540769E-17 1.7841469767723103E-17 0.0 0.0 5.434506673559801E-17 1.2511231229933997E-17 7.560473470868769E-17 4.406184719022086E-17 5.353119955607847E-18 0.0 5.331589408883469E-17 
0.6183970601478205 2.039827900679581E-16 5.1992986644818116E-17 0.0 0.0 0.0 2.3039839610278756E-17 5.296829359477373E-18 3.895867243627265E-17 4.984305475486727E-17 0.0 5.185026170807496E-17 2.1344321937899606E-17 3.3608098043637296E-17 3.2901355030049245E-17 4.132656082666948E-17 1.4585760698912777E-16 1.9044786778089656E-17 3.4735827409746237E-17 4.590326744540769E-17 1.7841469767723103E-17 0.0 0.0 5.434506673559801E-17 1.2511231229933997E-17 0.0 4.406184719022086E-17 5.353119955607847E-18 0.0 5.331589408883469E-17 
0.08716999553370933 2.039827900679581E-16 5.1992986644818116E-17 1.0426521587642179E-16 0.0 0.0 2.3039839610278756E-17 5.296829359477373E-18 3.895867243627265E-17 4.984305475486727E-17 0.0 5.185026170807496E-17 2.1344321937899606E-17 3.3608098043637296E-17 3.2901355030049245E-17 4.132656082666948E-17 3.483530452661211E-17 1.9044786778089656E-17 3.4735827409746237E-17 4.590326744540769E-17 1.7841469767723103E-17 0.0 0.0 5.434506673559801E-17 1.2511231229933997E-17 7.560473470868769E-17 4.406184719022086E-17 5.353119955607847E-18 0.0 5.331589408883469E-17 
0.45388180234172415 2.039827900679581E-16 5.1992986644818116E-17 0.0 0.0 0.0 2.3039839610278756E-17 5.296829359477373E-18 3.895867243627265E-17 4.984305475486727E-17 0.0 5.185026170807496E-17 2.1344321937899606E-17 3.3608098043637296E-17 3.2901355030049245E-17 4.132656082666948E-17 3.483530452661211E-17 1.9044786778089656E-17 3.4735827409746237E-17 4.590326744540769E-17 1.7841469767723103E-17 0.0 0.0 5.434506673559801E-17 1.2511231229933997E-17 0.0 4.406184719022086E-17 5.353119955607847E-18 0.0 5.331589408883469E-17 
0.2577625116729561 2.039827900679581E-16 5.1992986644818116E-17 0.0 0.0 0.0 2.3039839610278756E-17 5.296829359477373E-18 3.895867243627265E-17 4.984305475486727E-17 0.0 5.185026170807496E-17 2.1344321937899606E-17 3.3608098043637296E-17 3.2901355030049245E-17 4.132656082666948E-17 3.483530452661211E-17 1.9044786778089656E-17 3.4735827409746237E-17 4.590326744540769E-17 1.7841469767723103E-17 0.0 0.0 5.434506673559801E-17 1.2511231229933997E-17 7.560473470868769E-17 4.406184719022086E-17 5.353119955607847E-18 0.0 5.331589408883469E-17 
0.18506839954632007 2.039827900679581E-16 5.1992986644818116E-17 0.0 0.0 0.0 2.3039839610278756E-17 5.296829359477373E-18 3.895867243627265E-17 4.984305475486727E-17 0.0 5.185026170807496E-17 2.1344321937899606E-17 3.3608098043637296E-17 3.2901355030049245E-17 4.132656082666948E-17 1.4585760698912777E-16 1.9044786778089656E-17 3.4735827409746237E-17 4.590326744540769E-17 1.7841469767723103E-17 0.0 0.0 5.434506673559801E-17 1.2511231229933997E-17 0.0 6.66971958743403E-4 5.353119955607847E-18 0.0 5.331589408883469E-17 
0.6288817939849172 2.039827900679581E-16 5.1992986644818116E-17 0.0 0.0 0.0 2.3039839610278756E-17 5.296829359477373E-18 3.895867243627265E-17 4.984305475486727E-17 0.0 5.185026170807496E-17 2.1344321937899606E-17 3.3608098043637296E-17 3.2901355030049245E-17 4.132656082666948E-17 1.4585760698912777E-16 1.9044786778089656E-17 3.4735827409746237E-17 4.590326744540769E-17 1.7841469767723103E-17 0.0 0.0 5.434506673559801E-17 1.2511231229933997E-17 0.0 4.406184719022086E-17 5.353119955607847E-18 0.0 5.331589408883469E-17 
0.02539824748411007 2.039827900679581E-16 5.1992986644818116E-17 0.0 0.0 0.0 2.3039839610278756E-17 5.296829359477373E-18 3.895867243627265E-17 4.984305475486727E-17 0.0 5.185026170807496E-17 2.1344321937899606E-17 3.3608098043637296E-17 3.2901355030049245E-17 4.132656082666948E-17 3.483530452661211E-17 1.9044786778089656E-17 1.457581298722619E-16 4.590326744540769E-17 1.7841469767723103E-17 0.0 0.0 5.434506673559801E-17 1.2511231229933997E-17 0.0 4.406184719022086E-17 5.353119955607847E-18 0.0 5.331589408883469E-17 
0.42706766930885653 2.039827900679581E-16 5.1992986644818116E-17 0.0 0.0 0.0 2.3039839610278756E-17 5.296829359477373E-18 3.895867243627265E-17 4.984305475486727E-17 0.0 5.185026170807496E-17 2.1344321937899606E-17 3.3608098043637296E-17 3.2901355030049245E-17 4.132656082666948E-17 1.4585760698912777E-16 1.9044786778089656E-17 3.4735827409746237E-17 4.590326744540769E-17 1.7841469767723103E-17 0.0 0.0 5.434506673559801E-17 1.2511231229933997E-17 0.0 4.406184719022086E-17 5.353119955607847E-18 0.0 5.331589408883469E-17 
0.8322476043597531 2.039827900679581E-16 5.1992986644818116E-17 0.0 0.0 0.0 2.3039839610278756E-17 5.296829359477373E-18 3.895867243627265E-17 4.984305475486727E-17 0.0 5.185026170807496E-17 2.1344321937899606E-17 3.3608098043637296E-17 3.2901355030049245E-17 4.132656082666948E-17 1.4585760698912777E-16 1.9044786778089656E-17 3.4735827409746237E-17 4.590326744540769E-17 1.7841469767723103E-17 0.0 0.0 5.434506673559801E-17 1.2511231229933997E-17 0.0 4.406184719022086E-17 5.353119955607847E-18 0.0 5.331589408883469E-17 
0.2068156132343337 2.039827900679581E-16 5.1992986644818116E-17 0.0 0.0 0.0 2.3039839610278756E-17 5.296829359477373E-18 3.895867243627265E-17 4.984305475486727E-17 0.0 5.185026170807496E-17 0.0020805725930138842 3.3608098043637296E-17 3.2901355030049245E-17 4.132656082666948E-17 3.483530452661211E-17 1.9044786778089656E-17 3.4735827409746237E-17 4.590326744540769E-17 1.7841469767723103E-17 0.0 0.0 5.434506673559801E-17 1.2511231229933997E-17 7.560473470868769E-17 4.406184719022086E-17 0.0016646045766156477 0.0 5.331589408883469E-17 
0.22847614458089266 2.039827900679581E-16 5.1992986644818116E-17 0.0 0.0 0.0 2.3039839610278756E-17 5.296829359477373E-18 3.895867243627265E-17 4.984305475486727E-17 0.0 5.185026170807496E-17 2.1344321937899606E-17 3.3608098043637296E-17 3.2901355030049245E-17 4.132656082666948E-17 1.4585760698912777E-16 1.9044786778089656E-17 3.4735827409746237E-17 4.590326744540769E-17 1.7841469767723103E-17 0.0 0.0 5.434506673559801E-17 0.059318871132111775 0.0 4.406184719022086E-17 5.353119955607847E-18 0.0 5.331589408883469E-17 
0.4316314626138785 2.039827900679581E-16 5.1992986644818116E-17 0.0 0.0 0.0 2.3039839610278756E-17 5.296829359477373E-18 3.895867243627265E-17 4.984305475486727E-17 0.0 5.185026170807496E-17 2.1344321937899606E-17 3.3608098043637296E-17 3.2901355030049245E-17 4.132656082666948E-17 1.4585760698912777E-16 1.9044786778089656E-17 3.4735827409746237E-17 4.590326744540769E-17 1.7841469767723103E-17 0.0 0.0 5.434506673559801E-17 1.2511231229933997E-17 0.0 6.802164932013222E-4 5.353119955607847E-18 0.0 5.331589408883469E-17 
0.2136870923784864 2.039827900679581E-16 5.1992986644818116E-17 0.0 0.0 0.0 2.3039839610278756E-17 5.296829359477373E-18 3.895867243627265E-17 4.984305475486727E-17 0.0 5.185026170807496E-17 0.002280307153359828 3.3608098043637296E-17 3.2901355030049245E-17 4.132656082666948E-17 3.483530452661211E-17 1.9044786778089656E-17 3.4735827409746237E-17 4.590326744540769E-17 1.7841469767723103E-17 0.0 0.0 5.434506673559801E-17 1.2511231229933997E-17 0.0 4.406184719022086E-17 5.353119955607847E-18 0.0 0.13694075268829115 
