22055.0 -17076.362637659204 
20653.0 -16550.50453111682 
22055.0 -17076.362637659204 
20749.0 -16971.997685431623 
20746.0 -16670.55293886276 
20654.0 -16661.174184833173 
21572.0 -17068.95528562809 
21904.0 -17075.506678276935 
21904.0 -17075.506678276935 
21778.0 -17070.390911861126 
20728.0 -16661.180547550153 
21144.0 -16984.490677447448 
20831.0 -16972.004109173045 
21064.0 -16984.30766493402 
21651.0 -17069.811245010354 
21730.0 -17069.817668751777 
21651.0 -17069.811245010354 
21356.0 -17037.073599966916 
21197.0 -16993.2075403329 
21499.0 -17063.55919337032 
21385.0 -17039.24965088859 
20879.0 -16972.577352282395 
21016.0 -16983.73442182466 
21435.0 -17054.46283146261 
21064.0 -16984.30766493402 
21149.0 -16987.23997147847 
20831.0 -16972.004109173045 
20888.0 -16976.729098013162 
20924.0 -16978.91157267625 
21387.0 -17053.889588353257 
21483.0 -17060.79705185646 
21730.0 -17069.817668751777 
21774.0 -17070.384488119707 
21190.0 -16993.201116591477 
20965.0 -16979.47839204418 
21394.0 -17053.896012094676 
21445.0 -17054.46925520403 
20924.0 -16978.91157267625 
21008.0 -16980.9722803108 
20972.0 -16979.4848157856 
21356.0 -17037.073599966916 
21499.0 -17063.55919337032 
20746.0 -16670.55293886276 
21445.0 -17054.46925520403 
21197.0 -16993.2075403329 
21190.0 -16993.201116591477 
21484.0 -17063.5527696289 
21149.0 -16987.23997147847 
20728.0 -16661.180547550153 
21483.0 -17060.79705185646 
21778.0 -17070.390911861126 
20888.0 -16976.729098013162 
21015.0 -16980.978704052224 
20972.0 -16979.4848157856 
21008.0 -16980.9722803108 
20879.0 -16972.577352282395 
21394.0 -17053.896012094676 
20965.0 -16979.47839204418 
21385.0 -17039.24965088859 
21774.0 -17070.384488119707 
21144.0 -16984.490677447448 
21016.0 -16983.73442182466 
21387.0 -17053.889588353257 
21484.0 -17063.5527696289 
21015.0 -16980.978704052224 
21904.0 -17075.506678276935 
21651.0 -17069.811245010354 
21356.0 -17037.073599966916 
21064.0 -16984.30766493402 
20831.0 -16972.004109173045 
21730.0 -17069.817668751777 
20746.0 -16670.55293886276 
20924.0 -16978.91157267625 
21445.0 -17054.46925520403 
21197.0 -16993.2075403329 
21190.0 -16993.201116591477 
21149.0 -16987.23997147847 
20728.0 -16661.180547550153 
21483.0 -17060.79705185646 
21778.0 -17070.390911861126 
20888.0 -16976.729098013162 
20972.0 -16979.4848157856 
21008.0 -16980.9722803108 
20879.0 -16972.577352282395 
21394.0 -17053.896012094676 
20965.0 -16979.47839204418 
21385.0 -17039.24965088859 
21356.0 -17037.073599966916 
20831.0 -16972.004109173045 
21445.0 -17054.46925520403 
21197.0 -16993.2075403329 
21149.0 -16987.23997147847 
21356.0 -17037.073599966916 
20831.0 -16972.004109173045 
20623.0 -16491.131244045187 
21219.0 -17036.22000584632 
21015.0 -16980.978704052224 
20746.0 -16670.55293886276 
20728.0 -16661.180547550153 
