2.905661822261152E-17 0.9999999946095811 
0.851832666836851 -0.7733690123100104 
2.905661822261152E-17 0.9999999946095811 
0.851832666836851 -0.7733690123100104 
0.8233318019924196 -0.45826340061206355 
0.6525114357693304 -0.4582633256493405 
0.618396888856167 -0.1242200927268379 
0.4538825145513327 -0.12421844471041657 
0.2577619163997466 0.24216108550314774 
0.4093138864478596 0.24215825323805212 
0.18222906119618415 0.6696505250794269 
0.0830008831220538 0.669652356572382 
0.8345128656505404 -0.6511877543751108 
0.0634592216146648 0.690218513395908 
0.8307043610728447 -0.5941168591869629 
0.19592103684803813 0.5824078463837243 
0.0653047047280717 0.6865516966752133 
0.190885045063014 0.6170129431537584 
0.8303580380649855 -0.5884608720471011 
0.8268744432683431 -0.5274122927931857 
0.6260906197863289 -0.24887686292214614 
0.2547029325034915 0.24339097047521588 
0.2266152133879581 0.3557962195232281 
0.19011401327541086 0.6220798003673386 
0.2531302696919615 0.24497220599147002 
0.0025551642873938296 0.9492464770055234 
0.0030763627689782136 0.9442383248745305 
0.6258167863039759 -0.24481328501112107 
0.8366717468014327 -0.6790896016897988 
0.004631335363513178 0.9312746176581056 
0.4174786181239867 0.13598132614756922 
0.21961903859995788 0.40441153476678593 
0.6208344875762138 -0.16588845926697962 
0.8245731848377671 -0.48325107743230017 
0.03861362366479029 0.7673271338114932 
0.21096378085727166 0.46945689650141703 
0.40993714010490573 0.23383282409617148 
0.4162372148605987 0.151599053195595 
0.4106511935921035 0.22431835527622845 
0.6370902721847984 -0.38358709849340916 
0.21600415253226574 0.4311520444367546 
0.4165253001897322 0.1479537068801216 
0.441312178208933 -0.08928971556085322 
0.1926211727611126 0.6053715224687288 
0.22085148727899934 0.39550583883402085 
0.6243013292955573 -0.22178005290603606 
0.005065477572843813 0.9280251265444499 
0.836375815800608 -0.6754621691717175 
0.8478737541460741 -0.7667834684912888 
0.626664850114929 -0.25730029044334474 
0.6231949475921499 -0.20440841325303433 
0.4240844572285569 0.05788014344592578 
0.627744724588282 -0.2727645286052112 
0.8337435767219341 -0.6404513203854499 
0.44557904073035187 -0.10880540095366767 
0.42374490579510693 0.06145452892358357 
0.2302042265387882 0.333100533298814 
0.8341451646443293 -0.6461074865931539 
0.4316242309582903 -0.01865796911194792 
0.02066183245882122 0.8437681308715337 
0.012829934061189374 0.881698302430351 
0.4253854449583021 0.04337108007490316 
0.8247739093739197 -0.48721678359614773 
0.8331295697530733 -0.6315893167959795 
0.439592587451895 -0.07932231673716027 
0.22032658821983997 0.39928370136196706 
0.06649993835581297 0.684360174396671 
0.4307434843191942 -0.010606624981626485 
0.21647359072032563 0.42763510285578016 
0.04130343348926069 0.7569960683437648 
0.4115540624980231 0.2123475387683329 
0.6244781215545719 -0.2245132578213903 
0.4117912670343617 0.20921383191129939 
0.009757812683301337 0.8982753111547236 
0.019603534572504022 0.8486631336892659 
0.8488306274984846 -0.7695779257963407 
0.45235471435910307 -0.12369026398585632 
0.4269748411246386 0.02651160439465184 
0.8263484593176498 -0.5175755251427663 
0.05659065015963599 0.7067308438735047 
0.2473923421456115 0.2560518402809285 
0.03949441116693567 0.7642142019977415 
0.8347642390565658 -0.6546074050114579 
0.2485239404666413 0.25322146384609073 
0.06774995353125157 0.6822252101947195 
0.23219098908966052 0.32134969794494916 
0.05603677304101634 0.7082470837109213 
0.41722925790660315 0.1390991437758457 
0.012115701394724593 0.8854276491757952 
0.6367315432525602 -0.3801644466162383 
0.6264290067130526 -0.25385761206309454 
0.6221934959354735 -0.18830039679738506 
0.4344887155568805 -0.043071511636082166 
0.6206094217731317 -0.1621179654540198 
0.4441448115032152 -0.10309379400925857 
0.20704563549390403 0.4995228531906163 
0.19292359162736278 0.6033061228858484 
0.4194229926408188 0.11203172045236486 
0.19528503710415296 0.5869102519477915 
0.030078974683356786 0.8021888969593499 
0.058825528243482625 0.7008813768138191 
0.017108679993245893 0.8604405922524809 
0.6392832532653948 -0.40294438761347984 
0.2465835597936117 0.25826357464042393 
0.8271085745590364 -0.53174050369267 
0.009108929961914702 0.9019880559160343 
0.4497947277853035 -0.12045273742571994 
0.22299325712450171 0.3803457311915432 
0.4469788778952458 -0.11353194869498055 
0.19928554469074988 0.5580585478707855 
0.649150810008846 -0.45461810483831605 
0.4215397120094836 0.08676426419496636 
0.2453134456699998 0.2620493593450178 
0.8261866116715861 -0.5144512119812911 
0.2276510418387983 0.3490652777512031 
0.4299400910583142 -0.0030507663322711844 
0.010945640582886162 0.8916884737305866 
0.8398680122441918 -0.7141220529120691 
0.8404532446261297 -0.7196978211868754 
0.23316382039229086 0.31582751759169847 
0.8319911988133342 -0.614485628219524 
0.2226151524744971 0.38299057436494777 
0.20036084426512046 0.5501118568001643 
0.6249280278439462 -0.23037460242860888 
0.8259165425030348 -0.5093823233009646 
0.1997930346134653 0.5543169068657627 
0.20989263702134406 0.4776728629147705 
0.4418900173777818 -0.09237305649108764 
0.2191859175616362 0.40756956204226724 
0.6225003302371421 -0.19327243084108855 
0.6187644864540085 -0.13061706419320498 
0.023766589991549517 0.8296939614900547 
0.42767102463207946 0.019343165654494825 
0.8465952959685465 -0.761863157483287 
0.07251385003721034 0.6755969391133881 
0.05302070729042267 0.7169556001487998 
0.44012972684356333 -0.08256180039023431 
0.014042894175161372 0.8755009939538647 
0.44918551715613764 -0.11925151572395233 
0.6240857251306061 -0.21843070307844517 
0.07353983467113898 0.6744873446000688 
0.6336743985287435 -0.34817666821127186 
0.20954793471467092 0.48031885596591245 
0.007982507317748834 0.9086742396213707 
0.8339268390552969 -0.6430462669062985 
0.8260669096493589 -0.5122464196762171 
0.8333653210948337 -0.6350223585230136 
0.21383202275500313 0.44755729899985536 
0.6223030247139986 -0.1900793634091086 
0.6385412543113017 -0.39669939409713806 
0.42725951683428437 0.02356403646643157 
0.8317784480705357 -0.6111932734340865 
0.0010380222213474677 0.9677478034093476 
0.8257916850393058 -0.5069946667597975 
0.4350668276219208 -0.047655573337506536 
0.244004615805558 0.2663425155740756 
0.4130816945184265 0.1922587189658884 
0.23580991729114792 0.3016335529449687 
0.8416870073121993 -0.7305811429781155 
0.4235605598107257 0.06352762962112789 
0.23440597512924544 0.30901015578543894 
0.017667674086425708 0.8577696383299988 
0.027001219126945225 0.8154249258740248 
0.21054297451505077 0.4726829792711562 
0.42132174399176225 0.08932415262995673 
0.1893646935070717 0.6269389775260179 
0.0452252436771553 0.7426204111767067 
0.6396688784554994 -0.40606502176293024 
0.8434730453834609 -0.7442107940784983 
0.025542779278682662 0.8218121016373778 
0.41385796931821384 0.18214255182935035 
0.619703358283429 -0.14677661896023061 
0.4096161308501086 0.23811618003299947 
0.6390787697085418 -0.4012548133388438 
0.43877004951641085 -0.07414266036290847 
8.280389940466468E-4 0.9712027954437514 
0.6429360770638537 -0.42900211742548333 
0.19771159364972885 0.569554002509914 
0.007559185379590799 0.911278636841088 
0.20017338837960225 0.5515022220057592 
0.6214827081539832 -0.17665570348217777 
0.651321825551252 -0.45780544350888824 
0.4278957300627007 0.017058516294331284 
0.41269374032201417 0.197348972052213 
0.8491901856207644 -0.7704305395226114 
0.24347365629913914 0.26819548766897605 
5.890104708820565E-4 0.9757195635524757 
0.4320449711904115 -0.0219401306315707 
0.21866207814216115 0.4114073378883257 
0.05239724463964057 0.7188739514401926 
0.1974133591762755 0.5717122966281319 
1.349166784916367E-4 0.9883841509783734 
0.002223442420086319 0.9526914230386677 
0.650104699963537 -0.4563918844515052 
0.1979910383425902 0.5675257526292574 
0.8424026098502795 -0.7363463738921436 
0.22468430575789122 0.3686989330956444 
0.027444425756974422 0.8134986560015475 
0.6210936363542754 -0.1701965011221327 
0.22610840309574534 0.3591393289400778 
0.6306138015103154 -0.3113415437802832 
0.4218701320617462 0.08290299137021648 
0.23684784948367507 0.29641372692722573 
0.6401699994989893 -0.40999191802965596 
0.6441537153549366 -0.43591136048172435 
0.6308498624724863 -0.31434594562542467 
0.012443080576607812 0.8837102465359852 
0.6321771290722498 -0.3307371663858294 
0.6185594519133896 -0.12705372629598566 
0.6235603289942617 -0.21019562917421103 
0.18684258827624434 0.6427982948635698 
0.625636166007611 -0.2421158192382526 
0.24790028545020315 0.25474392210904645 
0.4367637119662424 -0.06042426814082024 
0.07764411152419243 0.6711950715999634 
0.633948881202659 -0.3512515116413563 
0.6382255623623891 -0.3939473042074586 
0.010301752362595673 0.8952263334386598 
0.2184342563866686 0.41308251845143684 
0.8295118352766758 -0.5743084313182162 
0.8361942377257825 -0.6732062126346202 
0.6303127025350989 -0.3074709937342319 
2.0625612869459593E-4 0.9856370435420014 
0.4364541451676445 -0.058138944558044685 
0.42571423488234184 0.03982860366776793 
0.8352314537220002 -0.6608441538149844 
0.18740939917284966 0.6393029290136586 
0.18639731333951673 0.6455152617709676 
0.23348946112599797 0.314014945480027 
0.4113722113438002 0.21475330793859834 
0.6203219203364913 -0.1572779563793911 
0.42742624005851804 0.02184822021863141 
0.009472802052306495 0.8998940305203619 
0.6448530710006384 -0.4394627710923883 
0.8286208100274269 -0.558928132175369 
0.4112211659843659 0.2167535942435935 
0.4133692669945692 0.1885033787120769 
0.4508928691461011 -0.12220106320472145 
0.6195171521527403 -0.14359280418572679 
0.008248260579746314 0.9070665592257945 
0.21811799402806709 0.4154136243494997 
0.23649566618014034 0.2981621265219611 
0.8236310929095058 -0.4643594219825596 
0.44454437008874786 -0.10477252406676965 
7.532209775327481E-4 0.9725614301740657 
0.005546790953304959 0.9262963476708542 
0.19827439621265694 0.565463482957692 
0.6229774172250607 -0.20093990727049463 
0.21014329138586446 0.47574923934394586 
0.8256543092807922 -0.5043577621903792 
0.8284703115775178 -0.5562832069977578 
0.6398198475221714 -0.4072634919127857 
0.6212842371393112 -0.17334185179215192 
0.6464208939864801 -0.44634190317604355 
0.8326834374310594 -0.6249897169467095 
0.21127631816410974 0.46706176208890926 
0.8438623977292457 -0.7468436865997605 
0.2199933300142986 0.4018478378222272 
0.019061551472726923 0.8511917762144005 
0.22377960778037437 0.374891958939139 
0.21900053047874307 0.40892550204568184 
0.8349697800003962 -0.657370111150274 
0.4409656122806085 -0.08737575432531568 
0.8301379896297868 -0.5848237778400973 
0.027820191481105594 0.8118712082862223 
0.014579914283501902 0.8728391416204295 
0.20536077379736245 0.5124102085811829 
0.2361372686919394 0.2999654450943988 
0.6319758382034486 -0.32830673264200655 
0.22538902624261292 0.3639384908200701 
0.8297446057302339 -0.5782458711942123 
0.21199186488585903 0.4615852237508012 
0.22411492776772052 0.37258612691991055 
0.22327675869668517 0.3783721304912756 
0.4325064100111127 -0.026470032185745822 
0.6293661158695268 -0.29502654729501243 
0.2285673577132463 0.3446767980360349 
0.010430069180615911 0.8945154957637117 
0.8387662445728077 -0.7029131008188716 
0.6316341959978036 -0.3241296354382472 
0.004287590703686062 0.9339445154432887 
0.4296365817423214 -1.4418324283531957E-4 
0.19623747939449038 0.5801548983092314 
0.0743430211742738 0.6736986617007026 
0.6219561353749827 -0.1844309458408257 
0.6210015759449259 -0.168677071252641 
0.6323447065734775 -0.3327451908523852 
0.41966207484434215 0.10914362077832236 
0.19183792231522612 0.6106618902953107 
0.6380649762558288 -0.3925257427288183 
0.8252749585241183 -0.4970229534607332 
0.4359484643758157 -0.054420859999128456 
0.6374162293310354 -0.3866348303802133 
0.42023082109315607 0.1022836025468685 
0.43384816856051667 -0.03785429264141264 
0.19955979982835706 0.5560385197614369 
0.185551838988005 0.6506027597928097 
0.4362188990463002 -0.05643928410322387 
0.41559346388262886 0.15978842969375656 
0.4357163683634036 -0.05266708462353824 
0.2278571786916646 0.34774259446034794 
0.4153705385826372 0.16263788965848572 
2.7067064110388676E-4 0.9835456273975755 
0.4383214951476554 -0.07057242121576701 
0.8316727374336257 -0.6095467523780635 
0.20510411288943492 0.5143680095634536 
0.8242743999186887 -0.47730901752796834 
0.847052086112961 -0.7637764756903525 
0.8264838434934464 -0.5201223110672942 
0.6226208170420451 -0.1952171368457997 
0.43909273482018246 -0.07620620845197369 
0.05160501209640794 0.7212932103691102 
0.23129942946316595 0.32655017679102843 
0.6438115341877022 -0.4340601165383642 
0.6476091517834544 -0.4505225513351071 
0.25588377406154794 0.24262568985818037 
0.43749554378047606 -0.06560419516700487 
0.8249427190119497 -0.4905355083420962 
0.05734575830261998 0.7047047512893196 
0.42039501799648826 0.1003177096790742 
0.41040166260134986 0.22763791419651705 
0.41085958403146716 0.2215496086157681 
0.8385280589889883 -0.7003688150086201 
0.22716537398041198 0.35221164770229907 
0.6358024974733214 -0.3709725138623016 
3.6385045406509605E-5 0.9939679566389183 
0.21488681428722162 0.4395660054310556 
0.6279911909893067 -0.2762236833265554 
0.01121291542727279 0.8902402599399529 
0.41243761191649425 0.20070107095920262 
0.0014573003121581413 0.9617587017765037 
0.030977779494218753 0.7983860218960322 
0.6189614443177427 -0.1340286289964599 
0.23537044801200602 0.30390453763312536 
0.4435859538833245 -0.10063329162721853 
0.42879677659683635 0.008043125223117181 
0.6453186365287259 -0.4409899112055121 
0.41456619894758073 0.17297483519019924 
0.0717423812056262 0.6765055661538293 
0.4242607020454729 0.05569735078315818 
0.8250903795805185 -0.4934260639532815 
0.42177746817152195 0.08434116211015447 
0.8293136812202919 -0.5709300633540129 
0.22821295034765599 0.34547326234323883 
0.1847629329116279 0.6552637629967372 
0.643328948788466 -0.43133010776987024 
0.21348827128325787 0.4501781565223851 
0.013357728718793732 0.8789819332433156 
0.20643639389455437 0.5061444881652302 
0.04998135505907281 0.7264535513287356 
0.20078660141806445 0.5469465339316484 
0.059638009350695714 0.6988660272851468 
0.6291468110063769 -0.2920844701697052 
0.8335102451671479 -0.6371139707568569 
0.24448003456042045 0.26473762647976734 
0.2220355684596072 0.3870716184432742 
0.8501527545591696 -0.772180236710115 
0.2140672470089575 0.44577158220521557 
0.20113652956395245 0.5443374552432882 
0.8442925662559435 -0.7496108113724015 
0.6304967401764976 -0.30984184791826336 
0.006377646456723618 0.9188705410401655 
0.1915819462904865 0.6123766643745027 
0.03384025438179694 0.7864705399622879 
0.19685945781239939 0.57570333186504 
0.021253485887495094 0.8410545144368028 
0.4462313697588855 -0.1111130388773087 
0.42811020540068223 0.014892984711515385 
0.8239004367383234 -0.4698069259972959 
0.184501014345941 0.6567925315667555 
0.005606662325180034 0.924153522596728 
0.25223459759823463 0.24615706674015592 
0.21230052087519913 0.4592260638857647 
0.24171312270584777 0.2747887111317942 
0.8278098242140897 -0.5439223716961783 
0.05431049681456312 0.713147316585113 
0.24483837485905535 0.26356351137108697 
0.0018235921043976006 0.9571920649273504 
0.6355219560821451 -0.3680989901094579 
0.058315340039252345 0.7021774909771245 
0.6252188783201408 -0.2358338394069507 
0.044821422034812285 0.7440598292314053 
0.6191111378249771 -0.13661393965854632 
0.8419937515357613 -0.7331020242098343 
0.42844051689992196 0.011579489321597355 
0.22968328886000214 0.33628191104252503 
0.42333242136367133 0.0661043246119678 
0.1834527655858563 0.6628298010448521 
0.6194408534649534 -0.1422847802504728 
0.2066616669647322 0.502464596211131 
0.6219679285406207 -0.18462365545941312 
0.02005862111056339 0.8465515111975184 
0.034452778835351916 0.7839611923718843 
0.41324484573408093 0.1901270674439119 
0.18277292934138045 0.6666393775096293 
0.05041358114182999 0.7250609854355959 
0.0546587805231422 0.7121334303705652 
0.6325223956670377 -0.3348591568064479 
0.62365358569769 -0.21166483881474527 
0.8234867786644574 -0.4614255953883524 
0.04373416251176021 0.7479832832625065 
0.8461582571280551 -0.7598715449676005 
0.8282533696584815 -0.5524465807861259 
0.4322690279422362 -0.02439305481934156 
0.0696364571429266 0.6793119241957661 
0.2459781702407599 0.26002077757983055 
0.023018481710118496 0.8330491885765196 
0.214298301035881 0.44401946721408436 
0.6409668692251203 -0.4159252359201076 
0.8283678779663048 -0.5544752812782581 
0.4331326819412574 -0.031859469128339216 
0.6201295938563085 -0.1540256263512039 
0.4244130586496093 0.05400916538710435 
0.6419400539323724 -0.42268218909692534 
0.8406539825623216 -0.7215494088432463 
0.4135936695248988 0.1858021534687895 
0.0071087134591227286 0.9141124106305026 
0.2216075826298925 0.39010559781781107 
0.20310525682267527 0.5295455710218865 
0.641734565305443 -0.42130423090440905 
0.22703861886430277 0.35302808676114517 
0.6469946401738309 -0.44847269470626433 
0.8391255645016041 -0.7066701948689424 
0.4341368790497677 -0.04022123770644213 
0.621704973254313 -0.18031548381672585 
0.827276547484235 -0.5348163034931247 
0.022201476659595785 0.8367386540119001 
0.6335206182523769 -0.3464392584142738 
0.22498893348704935 0.3666341373824653 
0.4136519585718185 0.18482063841866248 
0.040924055303445145 0.7584312922388367 
0.4095694775522448 0.23873974363751335 
0.43367133943003133 -0.035732269921083075 
0.032423485890041126 0.7923300093962812 
0.6238033845294761 -0.21401809819653808 
0.051083711644484275 0.7229288310128565 
0.4212889257026545 0.0916962479917486 
0.01376918992216819 0.8768856655260966 
0.2340237562871223 0.3110793459289427 
0.0217303690694165 0.8388788523168622 
0.18615399386369721 0.6469890473703404 
0.6377664996478665 -0.3898449570131381 
0.20460541412093206 0.5181668763373118 
0.1946460198094171 0.5913982954754015 
0.2093099815393799 0.4821457083451703 
0.4393280647305539 -0.07768539749372201 
0.21179737574870272 0.4630728155485185 
0.20659761268842283 0.5029543385086871 
0.4185223845817928 0.12304266396816563 
0.18251167137623406 0.6680911730153192 
0.6330983213328809 -0.3416019453465913 
0.4327219736746327 -0.028339901200242476 
0.002408546824384017 0.9507409963694953 
0.8382123964841359 -0.6969311644691432 
0.41007738343609906 0.2319585130451809 
0.8329748686699197 -0.6292668834070703 
0.6216484274391736 -0.17938598826318256 
0.8255583611888498 -0.5024990538279762 
0.2408781168037775 0.2781521902587713 
0.4313967757368887 -0.016602660000638633 
0.4110420525870425 0.21912805177078706 
0.6312406853409922 -0.3192613680285664 
0.6290747171157416 -0.2911125143927136 
0.047063236371187964 0.7361962968783009 
0.20411109162379237 0.5219249587370506 
0.8316609604620716 -0.6067028859641613 
0.4252017061955136 0.04536288361808185 
0.4199523178696696 0.10576981648589677 
0.8421149177222831 -0.7340772852666252 
0.8302579627280209 -0.5867844864021364 
0.6255124472869998 -0.24026057397318354 
0.43014463046650264 -0.004993638614431831 
0.8290109556938118 -0.5657223924975873 
0.07961755284711292 0.6702658583958406 
0.8287282865582726 -0.5608093480034806 
0.6192900516872911 -0.13969528455170366 
0.04304011675689548 0.7505235088583652 
0.04423200375028426 0.7461781736540243 
0.6299781354523887 -0.303120165624791 
0.011604418650379755 0.8881387350621097 
0.6460017560604462 -0.4446546493357057 
0.21574316488305462 0.4331121438338916 
0.051986543907501834 0.7201090857083258 
0.42005347674818194 0.10441286079805696 
0.22107176522011143 0.39392737659825305 
0.005846056416886264 0.9224728349909368 
0.8360234137382211 -0.6710613888036439 
0.4152573316704634 0.16638790022319563 
0.42476471671670346 0.050144647023825005 
0.19411083181048164 0.5951285340313593 
0.6284025777738677 -0.28193812673424307 
0.44209942799075264 -0.09345696764605907 
0.4507467020608127 -0.12199940762539602 
0.4264543805564192 0.03195799144492824 
0.4403035729700019 -0.08358587069993569 
0.6310915485302084 -0.31739432418131214 
0.01505396271340037 0.8704483233533059 
0.8253772614185768 -0.4990086137479311 
0.6205089653959104 -0.16042979353680784 
0.4282619258714358 0.01336617862569704 
0.008711246089024766 0.904314368187043 
0.04058796042708196 0.7597143423213143 
0.6186631234705615 -0.12885699485222804 
0.6341715201858404 -0.3537157860681377 
0.4152767954707056 0.16388117807310165 
0.06927336661415426 0.6798435365946296 
0.8251589057959952 -0.4946377784615523 
0.06852495622231031 0.6809832377137903 
0.4197635416334192 0.10790706038417429 
0.024275502511440367 0.8274237722498565 
0.4463776014134353 -0.11160095225505748 
0.23272570158525502 0.3182949913352564 
0.2152603668385769 0.43674668267501926 
0.42501606480875176 0.04738426452470565 
0.05353823901973194 0.715408860708908 
0.4181424553681209 0.1277309369699246 
0.004140425291343619 0.935118659692117 
0.07050185872164877 0.6781013561490511 
0.6505358135878714 -0.45700165408147164 
0.6288837764848572 -0.2885269138503297 
0.021056395929495743 0.841956707538874 
0.4128795280735354 0.19490404904977648 
0.6282845057591848 -0.2801444297541952 
0.016786140376191278 0.8619910871020244 
0.8281506198888227 -0.5506193943298653 
0.8299940582863008 -0.582426247665267 
0.6423670476137031 -0.4242626316554601 
0.20560870047167265 0.5105174495660687 
0.41869327384977917 0.12094213136023105 
0.22182562950919654 0.38855776090338 
0.062091442534816285 0.6931531939107837 
0.6273826654108383 -0.2676340024994073 
0.8446083954342466 -0.7515078213341188 
0.2104041170414797 0.47374808416675235 
0.43790248194207737 -0.06839766250313443 
0.0352936879837748 0.7805430924482107 
0.41606182840829403 0.15407228775420062 
0.8401400474962024 -0.7167444548137378 
0.6280953914856017 -0.27767683161470313 
0.04733918613132204 0.7352504094304672 
0.21764808851541947 0.41888936693622153 
0.20203716244067185 0.5375931374341736 
0.8447720595959267 -0.7525186216029504 
0.825506024246778 -0.500546392174761 
0.1850726207218334 0.6534443860941428 
0.1896383129962998 0.6251841394161989 
0.6352428201110272 -0.3652077089071902 
0.0013113548446869738 0.9637334215393786 
0.0033794672578344176 0.941508693424151 
0.24258519607628826 0.27143738888499014 
0.20793676133067068 0.49268765132598785 
0.040246608793307104 0.7610124223325784 
0.18524724016333316 0.652412345077855 
0.8411513471778604 -0.7260020339775068 
0.8278768979640087 -0.5457219145556014 
0.4245863085558498 0.05209757749489688 
0.03802746048918815 0.7696475072052686 
0.8450941064037614 -0.7543667952563807 
0.43531300078798507 -0.04957379679180425 
0.19659473630842006 0.5777744299570721 
0.6414606905808993 -0.41942856759854946 
0.6359757866011452 -0.3727228475786481 
0.1889971577420689 0.6292983486980933 
0.8294744484624996 -0.5736728718867037 
0.1937844590915196 0.5973901345239289 
0.41827256400118296 0.12612375324515732 
0.6198913599825185 -0.14998103619439754 
0.03759531248283429 0.7713284296236534 
0.04253169882794222 0.7524014563840966 
0.6269560253278277 -0.2615189632442594 
8.689824826472493E-5 0.9906778477419665 
0.8241587735135368 -0.4749970397471435 
0.007330958788651809 0.9127054833158055 
0.19332576533122464 0.6007279822383808 
0.6486572945560733 -0.45347291990863103 
0.8379546600692614 -0.6940689976449668 
0.6250294060331767 -0.232958648468689 
0.6366355667050998 -0.3783669074058416 
0.6246666512909849 -0.22741469905027903 
0.026026131068489722 0.8196869845305249 
0.03041090031965396 0.8007811722313323 
0.42213287928496473 0.0798507492569878 
0.02905439382101105 0.8065586337534753 
0.43057779657264056 -0.0077266966186127104 
0.1944807277975319 0.5930399135640082 
0.0038979843485738574 0.9370900234875154 
0.6435066378820262 -0.4323522324901425 
0.636115049497308 -0.37411749061750976 
0.41705482826332096 0.1412863045364998 
0.6213590663569442 -0.17461266912890883 
0.6373401662580366 -0.38591431411969285 
0.015804823043813365 0.8667537993488427 
0.8430114644374775 -0.7409317560240907 
0.837389453624876 -0.6876192607928673 
0.8276569452746136 -0.5417544356305349 
0.00861147408101769 0.9049457621715377 
0.2291739040789129 0.33943128873755113 
0.41401182501639233 0.18014571329662885 
0.4530429528044454 -0.12405879537065205 
0.41923297828067746 0.11434255136604296 
0.44245197592847185 -0.09523981311716334 
0.8243731738555581 -0.4792785197961648 
0.44809157364015645 -0.116682884764532 
0.4484364054611607 -0.11754911533403624 
0.4450524170558854 -0.10680962539904534 
0.00366614260132784 0.9398535905625484 
0.026489035213400056 0.8176595036829836 
0.8248751180588799 -0.4892071938762505 
0.8323246494236296 -0.6195852390264436 
0.1948859195255231 0.5897176845798096 
0.42285807209670195 0.07150062091640723 
0.8308530841841549 -0.5965310826268725 
0.18806596182677554 0.6352132939533787 
0.6406200398386389 -0.413393114626713 
0.18678016677591003 0.643180720551521 
0.2511710495232231 0.24783066294287462 
0.20231330283353793 0.5355178114089848 
0.4378074204076856 -0.0677507007915799 
0.6233631436563873 -0.20707851434449576 
0.19852429746242095 0.5636408919016869 
0.2146092588498465 0.44167247887484995 
0.01818812236296863 0.855300384096728 
0.06252002044532812 0.6922142207163015 
3.531833342904078E-4 0.9812029087644754 
0.627135692268946 -0.264104100278235 
0.4184049693691946 0.12448887890694921 
0.4426190104342035 -0.09606882090696292 
0.21515327563690967 0.4381743314367307 
0.05531760018878501 0.7102822292754077 
0.6198001247660829 -0.14842746261915218 
0.24930652028427483 0.25144660450502837 
0.19866098920015454 0.5626404395606154 
0.2430541598185283 0.26971199453068595 
0.03140684382147929 0.7965807439203405 
0.23272570158525502 0.3182949913352564 
0.19892908014323024 0.5606768336485433 
0.03067369924181758 0.799669363727289 
0.8279714832428882 -0.5474193024054375 
0.8280555764475187 -0.5489239759281943 
0.6362852609813515 -0.37580776299914564 
0.18372474952045795 0.6612676958035556 
0.6295803055343958 -0.2978787516384896 
0.633353802818025 -0.34453764624212774 
0.6309668385863854 -0.3158248635700258 
0.6286198643006119 -0.28492613793472443 
0.24060369252791716 0.2792897235508777 
0.20851218714889855 0.48827090736282697 
0.03823128390241794 0.768823912107069 
0.8432548779452785 -0.7426822083422076 
0.6478722465394581 -0.4513304579917023 
0.8241035893756337 -0.4738912251616317 
0.028507710430697858 0.8089062499453957 
0.41433848020465114 0.17591539978241688 
0.2169804265079464 0.4238522021297711 
0.22516035953661376 0.36547686800949214 
0.05080267295823748 0.7238189959520382 
0.015303193559883244 0.8692168581787502 
0.1911096681468994 0.6155243734502702 
0.828965084697196 -0.5632813200195136 
0.8340915182363611 -0.6453583597265354 
0.41774573818323074 0.13265436519368828 
0.04659620994183444 0.737808440031909 
0.0019984143541997013 0.9551709899386744 
0.20818589147074437 0.4907758617835028 
0.20749745066089412 0.49605796089364373 
0.015556946599992932 0.8679683666228022 
0.24028542962503285 0.2806291802489812 
0.6246935721623779 -0.2278278864204201 
0.029450741123272017 0.8048639044077074 
0.6313736542027201 -0.32091380227196376 
7.897506066348314E-6 0.9971897478662938 
0.8325100601857671 -0.6223887350954096 
0.037398805636996435 0.7721213431340543 
0.41879564473695974 0.1196862912671985 
0.41225341466411836 0.20312304044458926 
0.6387641765743386 -0.39860865689459307 
0.622918036581422 -0.199990123310824 
0.049344222099883844 0.7285306553396845 
0.21263291185850383 0.456687980796529 
0.6239773867546817 -0.21674105956414758 
0.20241635269555502 0.5347418829438251 
0.06605165144541997 0.6851650490298951 
0.4226321854031255 0.07408847951491467 
0.8427207900200038 -0.7385184288672444 
0.239761527590106 0.2828803233607003 
0.23165455681113217 0.324461099155161 
0.6355967833693921 -0.36887424599299556 
0.04202291750126666 0.7542948754056514 
0.016090984096558462 0.86535774232926 
0.619231326406914 -0.13864315309222308 
0.4146862467698272 0.17206777933789597 
0.22879427308784867 0.34180277323265407 
0.635063526845082 -0.36332856376843153 
0.8271678070067472 -0.5328305201670972 
0.8455062051263889 -0.756608467250007 
0.2034273963418226 0.5271090269231266 
0.022532404861261013 0.835251084908887 
0.049562128434298525 0.7278170268128735 
0.03189427482027027 0.7945466515310089 
0.8381143956956044 -0.6954801647267354 
0.414209965736577 0.17757816566502668 
6.377837737048253E-5 0.9920138225186571 
0.4429684776308814 -0.09776312618356821 
0.4158068169901522 0.15706781687875754 
0.8237487866975708 -0.4667431756752501 
0.8237826284695013 -0.46742876319104626 
0.1950492319752679 0.5885706422562377 
0.01473396167585092 0.8720373469778848 
0.2310652371249327 0.32793219384637434 
0.035791177626388004 0.7785302805076323 
0.6326557657298368 -0.3364354719539429 
0.006690750822649305 0.9170752101002175 
0.8369160692091864 -0.6820356885418897 
0.4179986527483274 0.12951190643975174 
0.8274988589063866 -0.538884808357961 
0.4208168429885612 0.09529196446850112 
0.016538149455320696 0.8631880826591881 
0.036184859507226844 0.7769468542835237 
0.0445065370880956 0.7455153676768584 
0.2008365030443282 0.5465748625060305 
0.04578883443599005 0.7406280375715356 
0.6468327754372147 -0.4478925768406492 
0.8373038282971612 -0.686621530206793 
0.20396562850928157 0.5230293108476183 
0.03209037735228054 0.7937186138597548 
0.8290912835293225 -0.5671096566798193 
0.25054588595733285 0.24894536839152356 
0.841462696178917 -0.7286910711696813 
0.6262958172750717 -0.2519031059263686 
0.23724170612656562 0.29448665061029244 
0.0598184300850359 0.6984267425024127 
0.6377870902361819 -0.39003149927459524 
0.026594690827548118 0.8171977950319305 
0.6294625915709887 -0.29631382550700447 
0.6364133281264707 -0.37706288696135454 
0.20161443678461488 0.5410566535146744 
0.8321128652448796 -0.6163548607795389 
0.19714333426489417 0.5736605899136592 
1.1982666685704714E-5 0.9965383966275793 
0.8267138218780954 -0.5244249623527812 
0.6330488918062669 -0.34102980697234275 
0.6250855642593119 -0.23381230710642154 
0.22014831375776847 0.4005719642028214 
0.43102964946158495 -0.01323664088161367 
0.839522663273912 -0.7107082073464467 
0.6407894857785198 -0.4146069987882835 
0.19214456680666953 0.6085958516975581 
0.4290606173006897 0.0054482347654691374 
0.8371173891180101 -0.6844303962668347 
0.037019252266825786 0.7736126490112796 
0.42101963344121474 0.09288869675697171 
0.8235242789541704 -0.46218896023960376 
0.1839083291046576 0.660216930328954 
0.21244769051461368 0.45810196694929983 
0.4347520719864114 -0.045175196712779975 
0.055299186034778736 0.7103076187791746 
0.22601065962037248 0.3597877335215105 
0.42323370278038575 0.06722307506768947 
0.4223674392822856 0.07713616464257454 
0.022717216346285707 0.8344065015739436 
0.20613179506988255 0.5065193278091882 
0.42067243291447903 0.09700846788667358 
0.41670756089839717 0.14565461302964144 
0.8275960246945271 -0.540650556972056 
0.8408336148317908 -0.7231797759106795 
0.4431108669517879 -0.09843910200225996 
0.8349114044199859 -0.6565885020305195 
0.8324794959224747 -0.6219282627784202 
0.07680342951214658 0.6717198606376935 
0.8401160305572455 -0.716517284305572 
0.44344082120036 -0.09997114185778307 
0.2243964622204846 0.3706595805542102 
0.6412480374777678 -0.41794140816082714 
0.6298658774732598 -0.3016486020363857 
0.42214434868599704 0.07971643245174694 
0.2115650562319832 0.4648507326096831 
0.6426625630144872 -0.4273261631701652 
0.036596282287384485 0.7752990798844603 
0.4119724206104088 0.20682399641227706 
0.22880504696717582 0.3417351207604006 
0.6273826654108383 -0.2676340024994073 
0.22961127999812345 0.33672519254240907 
0.8309927878682247 -0.5987800956365875 
0.6349282105914741 -0.3618974641627183 
0.827375172811603 -0.5366306400543179 
0.025907245442454208 0.8202089111297169 
0.2017815581847143 0.5395113005854573 
0.4303069622453234 -0.006379550616660457 
0.43344473829901997 -0.03449555974705093 
0.08043531224095357 0.670015892576726 
0.016301584871624697 0.8643340000892016 
0.8452893749182 -0.7552687478356004 
0.4449549739358891 -0.10642714315891637 
5.102808689181441E-4 0.9774024228064052 
0.20376789236675252 0.5245293399857603 
0.19357565041151042 0.5988317444566639 
0.6238896569522289 -0.21536958804374234 
0.8509176147762044 -0.7730160250757104 
0.025071118290237115 0.8238938588190304 
0.2155012461265371 0.4349319701998263 
0.4148227042088401 0.16966872398222108 
0.2087632293753825 0.4864067469556504 
0.0480205401480476 0.7329363876577134 
0.020010310496340222 0.8467751868633949 
0.6253467046071852 -0.23766670366822848 
0.23517629039154506 0.3049185114159825 
0.6455396883446461 -0.44266732155178135 
0.031547550380387646 0.7959901828070124 
0.03563250586883704 0.7791708104797286 
0.8396183634119974 -0.7116633702950227 
0.018872168829612124 0.852079476757491 
0.22571747776512335 0.3617395898579691 
0.422365169137072 0.07716236564494647 
0.6275685243977153 -0.27027508123078225 
0.024726552357845585 0.8254197433927152 
0.41020508900764574 0.23025613345953924 
4.601009001255485E-4 0.978544924279835 
0.6233575385416082 -0.2069896933093495 
0.42603590486617554 0.036397342053875514 
0.8312367923684689 -0.6026783148245171 
0.24615346285457124 0.2595037612596389 
0.2347590268996445 0.30712162453633396 
0.0011362642947842783 0.9662509296300393 
0.21721841832478656 0.4220795277117097 
0.4191596051271247 0.1155954756733016 
0.029450741123272017 0.8048639044077074 
0.42675146986714685 0.028840043747998593 
0.20282671809319602 0.5316624994967979 
0.21451225270941365 0.4424066874947469 
0.8459528997651297 -0.7588814812470688 
0.6227591912952661 -0.19744294118379546 
0.001641349157502487 0.9594018564597219 
0.20364589714524806 0.525454100006685 
0.8298430509273318 -0.5799011511473267 
0.2395064264201815 0.2839971390771892 
0.8413732527043647 -0.7279263441943494 
0.8375760507132455 -0.6897740177268518 
0.41410462807331566 0.1789425502609276 
0.4261339263547997 0.035347805390566214 
0.1834527655858563 0.6628298010448521 
0.22928791364302945 0.3387231348550684 
0.434073557896251 -0.03969963281022686 
0.8288296571926508 -0.5625768391023854 
0.6347233321231526 -0.35971185181436066 
0.6270985283710561 -0.26357049069292227 
0.013521380195852098 0.8786029812629512 
0.042386051560354646 0.7529420336659898 
0.06037332903396775 0.6970944617746312 
0.4169226687443752 0.1429460613691933 
0.44753628400579815 -0.11517794199743121 
0.06561048489156994 0.6859771836455406 
0.6253968149621769 -0.23852104726570403 
0.04891543830771114 0.72994488433929 
0.6340649804343078 -0.35253977134831277 
0.25588377406154794 0.24262568985818037 
0.8267138218780954 -0.5244249623527812 
0.4321101390639135 -0.022992464140883077 
0.011564373414454876 0.8883526397466122 
0.4266024581838802 0.03040095599275215 
0.22137980366895718 0.39189424750208096 
0.00682690414733722 0.9159221986653858 
0.8369160692091864 -0.6820356885418897 
0.8265754472072813 -0.5218396885698997 
0.6343701432479307 -0.3558924519821336 
0.03317761120575316 0.7892016332472966 
0.6190021317329317 -0.13473198000759906 
0.6296940636675109 -0.2993850005590973 
0.6288223920089562 -0.2876921863750164 
0.4406369341386378 -0.08551607380439925 
0.06094809758463851 0.6957448489285292 
0.8353859379418038 -0.6628232294961288 
0.2389749582863258 0.2863661607494197 
0.0012146207333072478 0.9651022538801286 
0.20905040896210852 0.48413864590815997 
0.047767933838629276 0.7337906949874274 
0.20130876059596536 0.5430571993033041 
3.924788715306089E-4 0.9801841676787003 
0.018473154883842713 0.8539548569469021 
0.2503207930039444 0.24937122880220086 
0.2223189800297158 0.3850719525591838 
0.6227854880828464 -0.1978652887682976 
0.20764900390804064 0.49489546801629614 
0.8311510718033481 -0.6013132728179187 
0.18277292934138045 0.6666393775096293 
0.20883308753769225 0.48587039184398045 
0.8310775809397439 -0.6001391828259702 
0.194232976221353 0.5942795247314347 
0.8474979507758367 -0.7654776339030462 
0.627569022275556 -0.2702824287416711 
0.6328597289425318 -0.33882885390855433 
0.8358365392313412 -0.6686909486142448 
0.04202291750126666 0.7542948754056514 
0.23871368216563266 0.28755196457700855 
0.42862549234589375 0.00973873277300491 
0.8299281293871695 -0.5813267243314152 
0.41500266556209553 0.1673596393776042 
0.21667803422234966 0.4261070976117909 
0.8426476578579372 -0.7382273454456814 
0.4189526001783778 0.11776447710153592 
0.42091290386899216 0.09415249375112905 
0.006144439080670638 0.9204347986297068 
0.2043895223276255 0.5198091521635093 
0.4384592115084706 -0.07211763014898974 
0.2114718391730874 0.4655645505371301 
0.20590598617396538 0.5082459626492982 
0.20779205804441414 0.49379858515979963 
0.04842766996844966 0.731568522110892 
0.4123893645742403 0.2013351200420196 
0.410953551630815 0.2203039384121179 
0.21336355526945505 0.4511192697103865 
0.21319907648453568 0.45237152627431787 
0.1885284613650377 0.6322837107906193 
0.1898160194797908 0.6240200113235636 
0.412160838833717 0.20434155064403142 
0.42952371223860375 9.438699306736809E-4 
0.6343941112595917 -0.3561516138626042 
0.18770076674449565 0.63749032433045 
0.23050616079418518 0.3312752291353302 
0.4226019229933392 0.07443605598613463 
0.6423979309808608 -0.425661643987153 
0.4292088497387231 0.003999435003099522 
0.08235195327840689 0.6696748118280688 
0.03372671748966577 0.7869372825871844 
0.23798919352566414 0.2909781568724249 
0.8244421681745289 -0.48065121800894617 
0.0016138409891336691 0.9597455730100072 
0.23383457336631902 0.31211296901163577 
0.8328013408443573 -0.6267468903838398 
0.8356691003550047 -0.666545769716745 
0.6285970022412521 -0.2846127423297762 
0.24126822768325806 0.27656204497910264 
0.06160770238716806 0.6942344976002636 
0.018611743682225235 0.8533023174857288 
0.1921310333156653 0.6086871698028207 
0.24131902588949766 0.27635741132415337 
0.420561767328969 0.09832673191438285 
0.2223505973615999 0.38484934497126766 
0.20298660215988523 0.5304555137765908 
0.8393224938283966 -0.7084718941518602 
0.23078418867173175 0.3296068765743485 
0.4147968199578128 0.17000189069363095 
0.6301476146466058 -0.30513736742658343 
0.034881370071836726 0.782214166397637 
0.8239991174567599 -0.47179352811543784 
0.18584128695429536 0.6488716908732088 
0.6301553440574708 -0.3054311843492538 
0.07876048409991848 0.67061725218577 
0.22133607821890883 0.3924507540938541 
0.8322240034095332 -0.6172843224695662 
0.24205442847949127 0.2734572953192701 
0.8389624268276561 -0.7049765301037487 
0.4475640358920531 -0.11525629693140889 
0.2518444323020917 0.24673719931452523 
0.0060569108108119545 0.9210282557276249 
0.8393443026921574 -0.7089091531511617 
0.43474287586734084 -0.045102155228221225 
0.20487338237187905 0.5161264980086347 
0.03454575417744608 0.7835817987112671 
0.20143800020071437 0.542084461157619 
0.19706031292529166 0.5742584918889587 
0.4167732999319116 0.14482557445802663 
0.8473644758108135 -0.7649856393848783 
0.053519881695526406 0.7154633617373846 
0.6297698585066835 -0.3003807935653509 
0.42309255059878537 0.06882664950320319 
0.634815833783759 -0.3607013881365181 
0.42940003407023064 0.002140540402011445 
0.6268401623594759 -0.25984463066073077 
0.0233940061777006 0.8313622813627345 
0.43700759474881157 -0.062165893238832794 
0.43289337524923455 -0.02980206492073512 
0.20483194889681733 0.5164421203232317 
0.2235350210607281 0.3765814184020683 
0.8313192633184541 -0.6039816061742014 
0.8371483714691884 -0.684796289991654 
0.6318320355836551 -0.32655818280028326 
0.028209922377538554 0.810187670265008 
0.6404031997489981 -0.4117605794478438 
0.03700198412072542 0.7745352655835468 
0.4230392276927202 0.06943362859181802 
0.6441412997807345 -0.4357195807958305 
0.4354561928506624 -0.050678653193520704 
0.18996170916133492 0.6230728736758487 
0.6327655586442809 -0.33772641849958196 
0.23762829911406322 0.29262399930250277 
0.06047683979256637 0.6968491163675627 
0.4406713861419809 -0.08571303123447183 
0.8309041764207061 -0.5973544864731366 
0.18588392095370593 0.6486157742875273 
0.20912189771508988 0.48358976278866833 
0.24984853813844893 0.25037294019757517 
0.8292374327315022 -0.5696219372380207 
0.19890607757783124 0.5608455013571493 
0.4311928897336479 -0.014746192240988018 
0.22432652932354794 0.3711373199270696 
0.8274303569495061 -0.537637739118279 
0.8322666869797534 -0.6187040127404416 
0.03655552455001332 0.7767705273412058 
0.2421864010328778 0.27294927830003063 
0.6448602970512016 -0.43950397133771085 
