19192.0 -37304.327970403596 
20398.0 -76593.39946361305 
19451.0 -60362.77381179121 
19208.0 -41404.95571256569 
19405.0 -59389.89107241784 
20371.0 -75456.89002068702 
17472.0 -13672.924800927285 
20240.0 -73394.67773769889 
15005.0 56029.097719157115 
16318.0 15446.395895635593 
19208.0 -41404.95571256569 
19192.0 -37304.327970403596 
16318.0 15446.395895635593 
19822.0 -69296.1311707364 
16876.0 -1605.5191195824882 
20371.0 -75456.89002068702 
20513.0 -76974.95187815197 
16052.0 28220.58299686329 
19310.0 -52402.64563865983 
16318.0 15446.395895635593 
19208.0 -41404.95571256569 
19882.0 -70110.41761104192 
20071.0 -70324.74012838479 
20131.0 -71483.33350876207 
19330.0 -54596.2067365289 
20371.0 -75456.89002068702 
20071.0 -70324.74012838479 
15654.0 30406.778446685406 
20311.0 -73797.48774407303 
20357.0 -74948.25387475989 
19134.0 -29918.979975301656 
17064.0 -7667.487652388401 
20357.0 -74948.25387475989 
20220.0 -72143.17218669446 
19680.0 -67008.62813538883 
16974.0 -4838.249638628098 
19500.0 -63326.15015064343 
18211.0 -14305.372799023637 
16831.0 -989.9897887445986 
19398.0 -56200.34676764929 
16083.0 24582.83543591865 
19546.0 -65382.86538754951 
19500.0 -63326.15015064343 
19642.0 -66407.24625826487 
19480.0 -61162.71649843373 
19254.0 -42995.137468335335 
20240.0 -73394.67773769889 
19688.0 -67087.58383109397 
16831.0 -989.9897887445986 
16741.0 4610.3874809066765 
16171.0 22611.300838284078 
19451.0 -60362.77381179121 
16974.0 -4838.249638628098 
20311.0 -73797.48774407303 
16318.0 15446.395895635593 
20220.0 -72143.17218669446 
16974.0 -4838.249638628098 
20311.0 -73797.48774407303 
19303.0 -49772.515278365114 
16745.0 3577.932476995862 
17064.0 -7667.487652388401 
19480.0 -61162.71649843373 
19303.0 -49772.515278365114 
15166.0 33992.97262480378 
15166.0 33992.97262480378 
