0.8518323107278651 -0.7733690121969033 
1.0816610736437415E-18 0.9999999989599708 
1.0816610736437415E-18 0.9999999989599708 
0.8518323107278651 -0.7733690121969033 
0.6525111550034977 -0.45826332557510896 
0.8233319370099407 -0.4582661607641726 
0.6183973226281279 -0.12422766386830805 
0.45388128468196814 -0.12421844459647433 
0.40931526953853764 0.24213974423995205 
0.2577652205762411 0.242161086554186 
0.08300289815968752 0.6696523566485286 
0.18222886029618962 0.6696516294603304 
0.19365872532814776 0.5982587105652712 
0.6312852354359302 -0.31981048319998817 
0.1991855186109288 0.5592603397985161 
0.0733716503466423 0.6746613675319567 
0.029637885777970496 0.8040656191320772 
0.02333910470016559 0.8369998874218079 
0.42176675677462727 0.08410873716719541 
0.6220723413859331 -0.18632700870598293 
0.44166630889195535 -0.09119486218107933 
0.8421982960889101 -0.7278812533725993 
0.42479467731995785 0.04981189795451503 
0.8383392902004365 -0.6983220090767914 
0.8290900053084836 -0.5669347204812104 
0.6279107236290676 -0.2750950152857356 
0.432556324324055 -0.0269026325591485 
0.03300514366790758 0.7899837548668651 
0.63548725679403 -0.36774762877180633 
0.05993137129999836 0.6981541329011801 
0.6439703597063438 -0.4322025777904272 
0.43615624141624015 -0.0559733170656204 
0.6205402589732583 -0.1604026673418704 
0.0386855179878248 0.7670466994969504 
0.2018896846279552 0.5387002634068356 
0.41269225628284045 0.20031239675344767 
0.2455453819062703 0.2613298306784097 
0.8367704825432007 -0.6802841662257149 
0.8243867330994405 -0.47954848621318835 
0.23563654761292557 0.30254195693437713 
0.4104362958473572 0.2271817450692396 
0.4185105684090133 0.12334066846594141 
0.19036547950766297 0.6303528933248433 
0.228654668502213 0.34268118995561797 
0.6391782370076529 -0.4020796739350869 
0.6241530903911673 -0.21704043438904877 
0.4170465877087439 0.1474000731633038 
0.01723362024018965 0.8598430455968373 
0.42000167388649506 0.10503815392123982 
0.22232516015095669 0.3850307611668346 
0.21948342074842037 0.40539938211650395 
0.012995393357714269 0.8918302753619994 
0.43024675915749705 -0.005957155202257619 
0.6463711250417898 -0.440791057367238 
0.2156451383509414 0.43385110512168307 
0.20991861448338578 0.47747624445237397 
0.4526824573070203 -0.10980472931792491 
0.8442567655179998 -0.7474117458711382 
0.20452736040676572 0.5189195799680951 
0.239070561236927 0.2861675371682828 
0.44400203020058826 -0.1021803895879679 
0.013005331726738512 0.8807937780646636 
0.6195800359155683 -0.13977329121963672 
0.8306546997958765 -0.5933138473707402 
0.42627456162881616 0.03396137724991933 
0.8335916017706573 -0.6382780331123943 
0.0416685261096979 0.756532473200879 
0.24193866741666256 0.27390757773084684 
0.007466513022460264 0.9138203511444112 
0.4354863578594626 -0.05091009815853674 
0.21749760945954588 0.4200392391357241 
0.20626931890928396 0.5056254480788682 
0.22624032565239302 0.3583355368291713 
0.20825000459455492 0.49029975928112784 
0.05511845277821287 0.7108205466085763 
0.02150164553024339 0.8524514878582972 
0.8255846906187873 -0.5030124143641823 
0.8348538316880727 -0.6558149638186954 
0.22447872447116865 0.3700992765685343 
0.25264825375595446 0.24559850230285651 
0.048693917756898714 0.7370010513058554 
0.6379308763759706 -0.3913256242255803 
0.0017548149892089235 0.9580141021498352 
0.8269320314685372 -0.5284797413300354 
0.003763304278902535 0.9417660819871961 
0.6331535840921 -0.34223689071571584 
0.633479168837791 -0.34584946208128586 
0.2126310074470002 0.45670254433674773 
0.427973038947524 0.016287344351953482 
0.8321599009520143 -0.6156546205971775 
0.21300372588863747 0.45386350404201653 
0.41377453390466945 0.18339407162662913 
0.23202327678279844 0.3224871513249835 
0.6262049580855212 -0.2505636348303658 
0.8278776196748299 -0.5405423754686995 
0.8264204376195079 -0.5107609942231103 
0.6276529046388252 -0.27055302471197284 
0.2322124631532394 0.3212261233837231 
2.8941020657217986E-4 0.9829864063135233 
0.42867792380179137 0.009222042442887149 
