0.8518323107278651 0.0 1.948326546949873E-17 8.653208095476375E-17 9.6150426213267E-17 1.223744005365568E-16 4.426607962816976E-19 5.703320170287881E-17 3.051562118397801E-17 0.0 0.0 0.0 2.7555820319825472E-17 0.0 1.5803991568939473E-16 2.8146104158583E-17 5.192275623777538E-17 2.435923529954698E-16 1.0871759249173033E-16 0.0 0.0 8.051638684465246E-17 6.9322808804838255E-18 0.0 0.0 7.243078425814587E-18 1.45835179147374E-17 4.7276240840577184E-17 0.0 4.500854320110362E-16 
1.0816610736437415E-18 0.0 1.948326546949873E-17 8.653208095476375E-17 0.0 1.223744005365568E-16 1.1146496325879735E-16 5.703320170287881E-17 3.051562118397801E-17 0.0 0.0 0.0 2.7555820319825472E-17 0.0 4.701761322687908E-17 2.8146104158583E-17 5.192275623777538E-17 2.154774807043847E-17 1.0871759249173033E-16 0.0 0.0 0.0 6.9322808804838255E-18 0.0 0.0 7.243078425814587E-18 1.45835179147374E-17 4.7276240840577184E-17 0.0 5.996222160973604E-18 
1.0816610736437415E-18 0.0 1.948326546949873E-17 8.653208095476375E-17 0.0 1.223744005365568E-16 1.1146496325879735E-16 5.703320170287881E-17 3.051562118397801E-17 0.0 0.0 0.0 2.7555820319825472E-17 0.0 4.701761322687908E-17 2.8146104158583E-17 5.192275623777538E-17 2.154774807043847E-17 1.0871759249173033E-16 0.0 0.0 0.0 6.9322808804838255E-18 0.0 0.0 7.243078425814587E-18 1.45835179147374E-17 4.7276240840577184E-17 0.0 5.996222160973604E-18 
0.8518323107278651 0.0 1.948326546949873E-17 8.653208095476375E-17 0.0 1.223744005365568E-16 1.1146496325879735E-16 5.703320170287881E-17 3.051562118397801E-17 0.0 0.0 0.0 2.7555820319825472E-17 0.0 1.5803991568939473E-16 2.8146104158583E-17 5.192275623777538E-17 2.154774807043847E-17 1.0871759249173033E-16 0.0 0.0 0.0 6.9322808804838255E-18 0.0 0.0 7.243078425814587E-18 1.45835179147374E-17 4.7276240840577184E-17 0.0 4.500854320110362E-16 
0.6525111550034977 0.0 1.948326546949873E-17 8.653208095476375E-17 9.6150426213267E-17 1.223744005365568E-16 4.426607962816976E-19 5.703320170287881E-17 3.051562118397801E-17 0.0 0.0 0.0 2.7555820319825472E-17 0.0 1.5803991568939473E-16 2.8146104158583E-17 5.192275623777538E-17 2.154774807043847E-17 1.0871759249173033E-16 0.0 0.0 0.0 1.1795458334299948E-16 0.0 0.0 7.243078425814587E-18 1.45835179147374E-17 4.7276240840577184E-17 0.0 5.996222160973604E-18 
0.8233319370099407 0.0 1.948326546949873E-17 8.653208095476375E-17 9.6150426213267E-17 1.223744005365568E-16 1.1146496325879735E-16 5.703320170287881E-17 3.051562118397801E-17 0.0 0.0 0.0 2.7555820319825472E-17 0.0 1.5803991568939473E-16 2.8146104158583E-17 5.192275623777538E-17 2.154774807043847E-17 1.0871759249173033E-16 0.0 0.0 0.0 6.9322808804838255E-18 0.0 0.0 7.243078425814587E-18 1.45835179147374E-17 4.7276240840577184E-17 0.0 5.996222160973604E-18 
0.6183973226281279 0.0 1.948326546949873E-17 8.653208095476375E-17 9.6150426213267E-17 1.223744005365568E-16 1.1146496325879735E-16 5.703320170287881E-17 3.051562118397801E-17 0.0 0.0 0.0 2.7555820319825472E-17 0.0 4.701761322687908E-17 2.8146104158583E-17 5.192275623777538E-17 2.154774807043847E-17 1.0871759249173033E-16 0.0 0.0 0.0 1.1795458334299948E-16 0.0 0.0 7.243078425814587E-18 1.45835179147374E-17 4.7276240840577184E-17 0.0 5.996222160973604E-18 
0.45388128468196814 0.0 1.948326546949873E-17 8.653208095476375E-17 9.6150426213267E-17 1.223744005365568E-16 1.1146496325879735E-16 5.703320170287881E-17 3.051562118397801E-17 0.0 0.0 0.0 2.7555820319825472E-17 0.0 1.5803991568939473E-16 2.8146104158583E-17 5.192275623777538E-17 2.154774807043847E-17 1.0871759249173033E-16 0.0 0.0 0.0 6.9322808804838255E-18 0.0 0.0 7.243078425814587E-18 1.45835179147374E-17 4.7276240840577184E-17 0.0 5.996222160973604E-18 
0.40931526953853764 0.0 1.948326546949873E-17 8.653208095476375E-17 9.6150426213267E-17 1.223744005365568E-16 4.426607962816976E-19 5.703320170287881E-17 3.051562118397801E-17 0.0 0.0 0.0 2.7555820319825472E-17 0.0 1.5803991568939473E-16 2.8146104158583E-17 5.192275623777538E-17 2.154774807043847E-17 1.0871759249173033E-16 0.0 0.0 0.0 1.1795458334299948E-16 0.0 0.0 7.243078425814587E-18 1.45835179147374E-17 4.7276240840577184E-17 0.0 5.996222160973604E-18 
0.2577652205762411 0.0 1.948326546949873E-17 8.653208095476375E-17 0.0 1.1352098074041157E-17 4.426607962816976E-19 5.703320170287881E-17 3.051562118397801E-17 0.0 0.0 0.0 2.7555820319825472E-17 0.0 1.5803991568939473E-16 2.8146104158583E-17 5.192275623777538E-17 2.154774807043847E-17 1.0871759249173033E-16 0.0 0.0 0.0 6.9322808804838255E-18 0.0 0.0 7.243078425814587E-18 1.45835179147374E-17 4.7276240840577184E-17 0.0 5.996222160973604E-18 
0.08300289815968752 0.0 1.948326546949873E-17 8.653208095476375E-17 9.6150426213267E-17 1.223744005365568E-16 4.426607962816976E-19 5.703320170287881E-17 3.051562118397801E-17 0.0 0.0 0.0 2.7555820319825472E-17 0.0 4.701761322687908E-17 2.8146104158583E-17 5.192275623777538E-17 2.154774807043847E-17 1.0871759249173033E-16 0.0 0.0 0.0 6.9322808804838255E-18 0.0 0.0 7.243078425814587E-18 1.45835179147374E-17 4.7276240840577184E-17 0.0 5.996222160973604E-18 
0.18222886029618962 0.0 1.948326546949873E-17 8.653208095476375E-17 9.6150426213267E-17 1.223744005365568E-16 4.426607962816976E-19 5.703320170287881E-17 3.051562118397801E-17 0.0 0.0 0.0 2.7555820319825472E-17 0.0 1.5803991568939473E-16 2.8146104158583E-17 5.192275623777538E-17 2.154774807043847E-17 1.0871759249173033E-16 0.0 0.0 0.0 1.1795458334299948E-16 0.0 0.0 7.243078425814587E-18 1.45835179147374E-17 4.7276240840577184E-17 0.0 5.996222160973604E-18 
0.19365872532814776 0.0 1.948326546949873E-17 8.653208095476375E-17 0.0 1.1352098074041157E-17 4.426607962816976E-19 4.522066434571398E-12 3.051562118397801E-17 2.4495945763852957E-9 0.0 0.0 6.366039594357197E-13 0.0 1.5803991568939473E-16 2.8146104158583E-17 5.192275623777538E-17 5.034314349951166E-15 1.0871759249173033E-16 0.0 6.493181659392934E-13 0.0 4.161650574389324E-9 0.0 0.0 7.243078425814587E-18 1.45835179147374E-17 4.7276240840577184E-17 6.514773719903049E-13 3.3779978059018346E-8 
0.6312852354359302 0.0 4.3439697811895505E-15 8.653208095476375E-17 0.0 2.685938861478894E-11 1.0795655005229969E-13 5.703320170287881E-17 3.051562118397801E-17 1.4701212386342457E-13 3.814312346233377E-12 0.0 2.1283295640869216E-15 0.0 1.9945994470297208E-16 3.4366621302865164E-15 5.192275623777538E-17 7.018687301495743E-13 1.0871759249173033E-16 0.0 0.0 0.0 6.9322808804838255E-18 0.0 0.0 1.88470839852435E-12 1.45835179147374E-17 4.7276240840577184E-17 3.487004846611588E-5 3.2087075775077065E-15 
0.1991855186109288 3.779508939328636E-15 1.0025058752883652E-10 4.828419067382013E-15 4.5293868057704426E-11 1.1352098074041157E-17 1.8890676719747226E-13 3.048409417595947E-13 8.536504466728948E-9 0.001933799963054952 6.871529362345183E-11 4.4838510157572875E-14 2.7555820319825472E-17 7.424591724256288E-9 6.014893104542077E-14 8.401529274454305E-16 2.8296720257502326E-9 4.460517165414736E-14 1.2798674293355808E-12 3.073867966161546E-11 5.503780206051515E-10 2.613650230196609E-10 1.3786171600257206E-11 6.012967318677453E-17 4.9903180728297624E-11 1.6614805992582054E-14 3.922255765350819E-9 4.931275769446793E-11 0.0 1.5071534506480261E-10 
0.0733716503466423 1.6080349308571144E-12 1.948326546949873E-17 8.653208095476375E-17 1.1276347180189246E-15 1.223744005365568E-16 4.426607962816976E-19 2.933746902901116E-8 3.051562118397801E-17 0.0 0.0 9.895636019883561E-13 4.11369620587644E-12 0.0 5.860636900188078E-13 2.8146104158583E-17 6.075666248231821E-13 4.817300627741601E-13 1.0871759249173033E-16 6.903151838178684E-11 5.497280276079044E-14 5.389950055878639E-10 6.9322808804838255E-18 5.5485508587329276E-9 2.77299306256493E-10 1.3237385219914312E-10 1.3192675300408175E-15 3.3613872026686514E-11 0.0 2.496892319132919E-13 
0.029637885777970496 2.8685549156977857E-14 7.679892273108719E-12 7.535497065276485E-13 3.4873289368665284E-11 3.767758115799445E-14 9.158933625607489E-14 9.007280936506932E-9 3.051562118397801E-17 2.3506805852804654E-12 0.0 8.724028507539267E-15 2.7555820319825472E-17 1.1960495070664774E-8 7.278209115490103E-17 4.642132485210418E-11 6.1026725263712475E-9 2.479177794538352E-14 2.8996245837067743E-10 0.0 2.6253911112210562E-12 3.50282079606851E-8 2.7964582959637685E-11 1.4732485939836114E-15 4.256454182442137E-13 3.8388097361454074E-10 2.110092737370041E-16 3.752689778375225E-12 0.0 1.4868713855109845E-10 
0.02333910470016559 3.5117908472552635E-7 4.925500994078277E-4 4.208604652758504E-9 6.455292043415355E-14 2.132045457380293E-6 1.1146496325879735E-16 5.133770219904842E-6 1.2643870706337402E-11 2.8827725251920483E-10 2.5005287493111195E-6 3.9650253959490036E-13 4.3462409901194704E-11 2.851372057616773E-9 5.518893414918775E-14 5.601920755085349E-5 5.0222135191511924E-8 5.4296126007136755E-11 4.30260353993513E-12 1.499845312803266E-7 3.769078312166735E-11 1.1836431821962836E-10 3.144085549700945E-7 1.7624310556166874E-13 0.018246666927278665 7.285871345292789E-7 3.429913987907285E-9 3.5309438488246365E-11 0.0 4.326294113804757E-12 
0.42176675677462727 3.0134808931906117E-10 2.685711326050442E-8 1.557947068033403E-9 3.2184102755419555E-13 1.1012914009138465E-11 3.650826529605421E-12 6.508048475009298E-12 3.051562118397801E-17 5.787967568406128E-8 2.6927647707491077E-9 2.074221252826942E-11 4.119115560767839E-13 5.5925320680848434E-14 4.410838469858966E-14 1.9446187701734415E-10 5.8188426595457E-14 2.154774807043847E-17 6.681202553530893E-8 7.261991243022249E-17 0.0 1.4964415414827602E-11 6.668469103126924E-10 1.7062494595517734E-13 9.216881205389136E-7 7.243078425814587E-18 1.1105884108905585E-12 7.872522731142605E-10 9.331472916868003E-16 2.2881128670037083E-9 
0.6220723413859331 3.7052682084292937E-9 5.240950776486837E-8 1.357624225820761E-6 1.1809063699776558E-10 2.300291255217537E-11 4.426607962816976E-19 5.291731550986601E-10 1.3037732548471427E-14 5.22438469741939E-11 3.606556667104517E-12 4.0912973385731554E-13 1.6340527788904017E-15 1.183323501318767E-7 3.2138531851144288E-12 6.721341548535055E-13 5.309934617625215E-7 9.816803607087272E-13 1.004573088084703E-11 5.091265527542734E-15 3.777239479703452E-9 1.2051146728601034E-9 1.1402430362575772E-8 1.6615117753418673E-6 8.531716203342449E-10 2.0238023375205402E-7 1.5122430482049664E-13 3.339722019884102E-9 5.97148659253533E-8 1.2571773262584171E-10 
0.44166630889195535 1.964106232813093E-10 1.8067710453939548E-12 6.021891141418438E-13 1.3997052656660568E-10 3.9707561349312016E-8 3.490980639132616E-10 6.327869622044614E-11 9.2384169599247E-16 9.770916625364579E-10 5.954063885728773E-7 3.208092655657077E-12 9.628852124713435E-15 8.318336813273345E-8 3.2117621371962337E-12 6.888294206436742E-10 5.6802002268590504E-14 3.071533011191749E-12 1.8708858982367589E-6 0.0 1.7064685445191674E-10 2.5031915455146677E-10 3.72243661698279E-8 4.7198317508852646E-11 2.5942221928769063E-9 1.457476808469794E-11 1.7025709649178214E-15 7.733394086896843E-10 1.158927959744279E-11 2.4142037564855714E-9 
0.8421982960889101 6.189465498702005E-14 5.639011239847468E-11 8.653208095476375E-17 5.954998081386003E-9 4.489533430560581E-9 4.426607962816976E-19 1.0139417306665496E-9 3.148251856238238E-7 0.0011275918584002275 4.50158580763043E-11 8.539825036040644E-5 3.307800598694614E-12 1.018763441742994E-14 2.0527289904103008E-8 4.895892271249625E-13 0.0015611744628480147 2.4753168151996968E-14 1.4680908812123898E-11 1.5765493302559317E-12 1.4301270881626973E-12 7.310418943422408E-12 5.265577066694797E-13 6.782510680487038E-6 0.0379602484797006 1.244559288276114E-10 4.194465300031775E-16 2.822324852385685E-13 1.0178471818227746E-14 2.1387063983221897E-13 
0.42479467731995785 6.598023575917408E-14 1.0512411873175166E-14 9.297131124831624E-11 1.1309119985776811E-13 5.822114526061296E-11 4.426607962816976E-19 2.8080331691598717E-11 2.840975302199241E-10 8.507947048622889E-12 2.1042155853371654E-14 8.770994371069556E-12 7.778918899507985E-11 2.257219219729548E-11 4.2414681969291864E-11 2.0040260634632729E-13 3.602365696969336E-7 7.728980479585697E-9 2.9231637227730726E-12 2.8303479364911836E-5 1.512248156044535E-15 3.919145377251472E-12 2.378533446286451E-13 3.1319995813953585E-7 2.5827813029528797E-9 7.439410089642612E-10 1.1104209881269647E-14 3.137762804575177E-11 7.525918722962958E-15 2.394786215475031E-10 
0.8383392902004365 2.5243275667701323E-15 6.780959834595737E-12 4.416943745410294E-11 9.6150426213267E-17 9.877304793742144E-10 4.426607962816976E-19 6.584565774911292E-10 5.811414389854767E-9 2.488785548718174E-9 1.9866262447846014E-8 2.526368495443919E-13 3.1278022597870293E-16 8.136489514297157E-8 1.969928900180899E-7 1.7499079724300197E-14 5.192275623777538E-17 1.0540248822058473E-10 3.2650820298878418E-12 0.0 1.0823807875036157E-10 7.986887819796897E-12 5.1150942788909706E-12 5.680101278118599E-13 0.0 2.6050111918618653E-11 1.45835179147374E-17 2.534045274431058E-10 5.5237469562573665E-12 2.1016434008639626E-13 
0.8290900053084836 6.195625393932825E-14 8.614867365523925E-11 5.3657017881097245E-15 1.4325662731161348E-9 6.752881268079096E-10 4.426607962816976E-19 9.60967588906259E-10 5.942497486218447E-10 1.4733240049989282E-5 1.994393446386559E-8 8.798332103623368E-5 5.027301887409488E-12 2.278798941977118E-13 7.108109259615272E-5 4.895892271249625E-13 1.2612404329840829E-5 2.4408744089875306E-12 1.5028156746795334E-11 1.5388795043013264E-12 3.8151542834901014E-12 4.0344543055196126E-8 1.0263432745675605E-9 1.4905576652116882E-7 7.179946121516657E-4 1.2867630365113172E-10 2.4280875306841404E-16 3.81245205366329E-11 2.794222272692994E-14 2.479024165649278E-10 
0.6279107236290676 4.129280092697567E-9 1.2235134508650643E-8 5.1163126096856177E-14 3.227630448387764E-12 1.0723100694925207E-7 4.426607962816976E-19 3.106515483514781E-8 5.725765772497847E-11 8.589377768633427E-9 1.6029626800848656E-12 1.2461263642275637E-10 1.4188515928726377E-10 1.2392604177096722E-6 2.933319625254753E-12 4.1415920029771414E-7 1.9279485693277556E-7 1.252359776364592E-10 1.431762078072482E-10 2.8258527431645985E-6 5.905175699465314E-16 3.820535958191584E-11 8.386388228751194E-12 6.996505845923782E-13 6.317299431832821E-6 7.094113298350435E-7 8.231938167002974E-11 2.4298265272781712E-11 4.264829706485083E-15 4.938202003833723E-11 
0.432556324324055 4.4030064012244715E-9 1.0609367985322161E-11 1.4622213265343807E-9 1.0846243551720217E-11 2.960310636422094E-13 1.1146496325879735E-16 6.594815425174332E-10 3.051562118397801E-17 1.1914007962069334E-9 2.7356964171639643E-12 2.5010270710766993E-13 2.7555820319825472E-17 2.8195157651189484E-14 4.0068262346851623E-14 4.6355196965900756E-7 3.0269479347189786E-12 2.154774807043847E-17 1.1642078439409132E-12 0.0 4.928592791850188E-15 2.6301238958453678E-12 6.9322808804838255E-18 0.0 1.8002677742722056E-17 7.867526902435365E-6 1.8584514975511633E-15 5.520491531113856E-12 5.748683607725187E-8 5.996222160973604E-18 
0.03300514366790758 4.216816882680641E-12 1.299218261566159E-11 3.3545288563415434E-12 1.0454731180950749E-7 4.886644842296971E-7 1.1146496325879735E-16 9.811063839134545E-10 3.051562118397801E-17 0.0 1.525173879426744E-10 5.692269629038184E-8 1.6586085943439804E-4 1.6331163446340013E-8 6.473902383909624E-16 1.1313159266638774E-11 7.289975580776831E-5 2.154774807043847E-17 3.4221965169436867E-6 2.8119920759725705E-8 1.5774065962937002E-13 3.396627113123286E-10 1.5434723687338664E-12 3.833014587099727E-15 9.322138459706185E-9 1.0552980938996216E-7 1.45835179147374E-17 9.364768988718728E-11 3.7572637057304597E-13 8.018652663828377E-13 
0.63548725679403 6.996441293702846E-11 6.029914468945241E-16 1.5211169307685567E-9 2.8032724488691417E-14 1.223744005365568E-16 7.187216982672327E-14 9.568263329140128E-16 3.051562118397801E-17 0.0 6.59175491039954E-10 0.0 2.7555820319825472E-17 3.956968812093887E-15 6.483675833575514E-14 2.8146104158583E-17 5.192275623777538E-17 2.154774807043847E-17 4.997291179518248E-15 4.841991314238719E-14 6.52816507442035E-16 0.0 1.4188332946803325E-7 3.977754864675108E-16 2.05848267478403E-13 7.243078425814587E-18 1.8584514975511633E-15 4.7276240840577184E-17 0.0 5.996222160973604E-18 
0.05993137129999836 7.221816176906044E-14 4.325567154364241E-15 3.577175936016644E-13 9.6150426213267E-17 2.5034160938111455E-10 4.426607962816976E-19 3.2312781290523353E-9 3.051562118397801E-17 6.099470964123974E-11 0.0 2.0536795229066384E-15 4.11369620587644E-12 3.6935058795769496E-7 2.91475771933362E-6 2.8146104158583E-17 3.0429078578881936E-10 1.1262468697054644E-11 1.0871759249173033E-16 1.5960118379516584E-12 4.365323412844441E-14 5.389950055878639E-10 1.751325522020772E-10 5.49497821728344E-9 2.77299306256493E-10 1.3237385219914312E-10 1.45835179147374E-17 2.1233602046765692E-10 7.431997312802467E-11 4.557596145339558E-11 
0.6439703597063438 0.0 0.011492914371777593 8.653208095476375E-17 1.7751160257909607E-11 9.551070281441543E-11 1.1146496325879735E-16 5.703320170287881E-17 3.051562118397801E-17 6.032862983468159E-10 5.019607425929153E-10 3.6027321473141166E-13 1.916233511266754E-13 4.0399943169516996E-13 4.701761322687908E-17 2.8146104158583E-17 4.020069319894124E-8 0.003166426216428064 9.551633260019247E-10 0.0 0.0 1.1884333899366931E-14 6.9322808804838255E-18 0.0 9.848233149853303E-7 7.243078425814587E-18 1.45835179147374E-17 8.064791042160253E-12 0.0 7.352800298536184E-13 
0.43615624141624015 1.3201995210501792E-8 2.128122810287993E-12 1.3581786630238014E-15 1.3997052656660568E-10 7.231413342178075E-7 7.466397897811801E-9 6.327869622044614E-11 9.2384169599247E-16 9.770916625364579E-10 5.954063885728773E-7 3.208092655657077E-12 1.0014768262133935E-14 7.630041755814969E-14 3.2117621371962337E-12 3.3212730944095956E-8 5.6802002268590504E-14 1.3437861349644625E-12 1.8708858982367589E-6 4.176639220670497E-16 1.7064685445191674E-10 1.064080793960961E-8 3.72243661698279E-8 4.996032805818919E-11 2.676458363832733E-9 1.457476808469794E-11 1.2404100467041412E-13 7.733394086896843E-10 1.158927959744279E-11 2.4245053642080964E-9 
0.6205402589732583 5.002863508387539E-11 4.9130522660845545E-11 8.574916758835611E-10 1.2281357614593892E-10 1.831266577343162E-7 3.5339771584826446E-10 1.0201209840572501E-11 6.207553625315725E-17 3.571017717089367E-13 8.122390094539612E-4 7.97436830176913E-11 3.35171402217132E-12 1.3679576997073278E-5 1.1683098345876094E-10 2.8146104158583E-17 0.0015570226303384038 3.514772751118349E-17 6.530363323800357E-10 0.0 2.5420998990812786E-8 1.1576444394744206E-7 1.628929792721867E-16 5.579997453821652E-4 1.0032967504903744E-10 2.257313844244084E-10 1.6496068656607718E-9 8.293644240235728E-10 2.3676482651664686E-14 4.500854320110362E-16 
0.0386855179878248 5.815481567503705E-10 3.2536364486695276E-9 2.1292032486981267E-9 0.0 2.194359134353853E-10 4.426607962816976E-19 2.1939038449872585E-11 8.808591439087018E-14 5.457162292216082E-12 5.9561493451083434E-8 3.6106061113937912E-12 1.876280530299851E-10 1.1535321843596555E-10 5.823687842015462E-11 1.000424586591759E-11 1.3028200497998047E-10 1.794962725419042E-8 1.1967463874017332E-10 4.2345499661414893E-7 1.7038469527923845E-13 3.5293014991729516E-11 3.568622380385334E-7 3.1840593250771337E-8 2.6881348017737552E-11 1.2167884837478663E-8 2.9353120320647757E-8 5.143005869479232E-10 7.525918722962958E-15 5.245704529057545E-12 
0.2018896846279552 0.0 9.780542309003651E-11 6.558702955385166E-12 9.6150426213267E-17 1.223744005365568E-16 1.0369676822408387E-11 5.703320170287881E-17 3.051562118397801E-17 3.15531964352749E-13 6.642636991696557E-10 0.0 6.321053211187962E-13 8.632493283743432E-16 4.233677587543366E-14 2.8146104158583E-17 2.5772535253955105E-8 2.154774807043847E-17 1.0871759249173033E-16 0.0 0.0 0.0 6.9322808804838255E-18 1.1951752117859044E-9 0.0 2.679749451781464E-12 1.45835179147374E-17 4.7276240840577184E-17 1.7301516450817808E-13 3.2087075775077065E-15 
0.41269225628284045 1.4732516450926276E-10 2.8998067904152514E-11 2.5287940443804066E-13 2.6787582063203953E-12 3.718911642438334E-11 4.426607962816976E-19 7.69566055886763E-12 3.1138985236870786E-7 1.7067246692019647E-13 2.5479493212266212E-14 1.2559855923322667E-11 7.858483987507955E-11 3.4709634342954386E-13 3.1882415976289505E-12 7.2324085250699136E-12 5.192275623777538E-17 6.461174791320412E-14 2.9231637227730726E-12 0.014015815578063324 3.675006292235162E-12 7.313780630798283E-13 2.378533446286451E-13 5.143949241090035E-13 3.765384811756208E-11 8.32308253021562E-10 1.45835179147374E-17 2.2602366455437513E-11 9.281048705506908E-15 5.996222160973604E-18 
0.2455453819062703 0.0 1.948326546949873E-17 8.653208095476375E-17 9.6150426213267E-17 1.223744005365568E-16 3.251130420921139E-13 3.0123255376290865E-13 1.144185493252556E-12 0.0 3.060136337009933E-12 1.2999894664537249E-15 2.7555820319825472E-17 7.550752326873223E-9 5.520169239384549E-15 8.401529274454305E-16 5.9899502131006285E-12 2.154774807043847E-17 2.5312558319672517E-14 0.0 2.0642526668333814E-8 6.497227480491032E-13 4.3649888356899556E-13 0.0 4.9817008390110236E-11 1.5909795065081672E-14 1.45835179147374E-17 4.7276240840577184E-17 0.0 5.996222160973604E-18 
0.8367704825432007 6.195625393932825E-14 8.344083482735083E-11 5.813830317184278E-13 9.6150426213267E-17 1.0129552102505635E-9 1.1146496325879735E-16 5.703320170287881E-17 3.1007608302717437E-7 2.488785548718174E-9 1.9866262447846014E-8 0.0 3.8455309481022136E-14 8.400452811369578E-8 7.076021660499889E-6 1.7499079724300197E-14 5.192275623777538E-17 1.0540248822058473E-10 3.2650820298878418E-12 0.0 1.0823807875036157E-10 7.985115684129908E-12 5.1150942788909706E-12 5.627126817545457E-13 0.0 2.6050111918618653E-11 4.194465300031775E-16 2.534045274431058E-10 5.5237469562573665E-12 2.1370164315164037E-13 
0.8243867330994405 0.0 8.755092206822962E-12 1.982676719186649E-9 7.97802932686184E-14 1.223744005365568E-16 4.426607962816976E-19 5.703320170287881E-17 3.051562118397801E-17 1.5683396180770928E-12 0.0 0.0 2.7555820319825472E-17 0.0 4.701761322687908E-17 2.8146104158583E-17 1.763871025684425E-10 5.897510948059639E-9 1.0871759249173033E-16 0.0 0.0 8.051638684465246E-17 6.9322808804838255E-18 0.0 5.1131530208778273E-11 7.243078425814587E-18 1.45835179147374E-17 3.3452669007924475E-11 0.0 4.500854320110362E-16 
0.23563654761292557 3.6331326253692996E-9 1.948326546949873E-17 7.186944407563293E-5 3.4685073664919515E-14 5.773725777938016E-14 4.426607962816976E-19 5.473857201839688E-10 3.051562118397801E-17 5.984180599980463E-16 6.729608326674998E-10 8.261648805445506E-14 6.052687756266714E-13 3.956968812093887E-15 2.797644353129675E-12 1.2250828830307835E-14 2.995614274078229E-8 2.154774807043847E-17 1.0871759249173033E-16 0.0 8.125621748715627E-16 3.628541373971857E-11 1.4114681847745152E-8 1.2137137209406617E-9 1.8002677742722056E-17 7.243078425814587E-18 5.863558289116703E-12 3.933546975924448E-13 6.901829540262917E-8 5.996222160973604E-18 
0.4104362958473572 1.0346149680713063E-6 8.867483374969265E-10 1.1009027854163897E-14 3.850237980931542E-9 2.076036134783201E-7 7.508198103022996E-9 5.974473311862251E-11 1.1383479773696105E-13 5.563856733879639E-15 1.7882783406752842E-5 3.283278466181693E-12 2.7555820319825472E-17 7.630041755814969E-14 8.225347451914933E-14 3.3212730944095956E-8 2.2208272608217737E-14 7.027532808118439E-10 1.8571539621949663E-6 0.0 1.7064685445191674E-10 1.0630883193031649E-8 1.8883575528827512E-6 4.159745318710336E-13 3.364066115349083E-9 4.662163759944225E-13 2.5947289872186536E-15 7.892868503762095E-10 2.0899769239085663E-11 2.363908390656537E-9 
0.4185105684090133 4.353940921291887E-9 6.299456544375109E-12 1.4622213265343807E-9 7.290647487120627E-12 2.3077290758180491E-7 1.8467271345264466E-10 6.602178201444538E-10 3.051562118397801E-17 1.1846603060911157E-9 1.6902003102275376E-5 2.5010270710766993E-13 2.7351902462567738E-12 3.475074230409915E-13 8.870868805497072E-16 7.392415932769213E-9 5.451759927237072E-4 2.154774807043847E-17 1.8475323236611157E-6 4.176639220670497E-16 2.6797671623876545E-13 3.6812866969094155E-11 2.4680694941940076E-6 3.7237183562130107E-6 0.0 1.5621905798705177E-4 1.45835179147374E-17 7.872037130706262E-10 6.943054186841689E-8 2.4145136397089344E-9 
0.19036547950766297 0.0 1.948326546949873E-17 8.653208095476375E-17 9.6150426213267E-17 1.1352098074041157E-17 1.1146496325879735E-16 5.703320170287881E-17 3.051562118397801E-17 0.0 0.0 0.0 5.127214116069796E-15 0.0 1.5803991568939473E-16 0.04084026495440621 5.192275623777538E-17 2.154774807043847E-17 1.0871759249173033E-16 0.0 1.8250228021657988E-14 0.0 6.9322808804838255E-18 0.0 0.0 7.243078425814587E-18 1.45835179147374E-17 4.7276240840577184E-17 6.481734004379145E-13 9.830415977946733E-11 
0.228654668502213 1.219245030847578E-9 2.2117118863614662E-11 1.435445322308172E-14 1.4496285974139824E-9 2.7021478463646925E-13 4.426607962816976E-19 1.9160119664834823E-11 5.946701604609349E-15 2.794952286339177E-14 0.0 1.3490556013833417E-10 7.44039042556487E-11 1.3701101670088305E-11 3.3952383050633047E-10 7.858982619589413E-11 3.3199176804672626E-9 3.880218381459503E-12 5.48719536030726E-6 3.932174769010284E-13 3.5049576920381434E-13 8.874581099937256E-13 2.943007518453163E-9 0.0 6.020135795361193E-9 1.1972775485521863E-9 2.4280875306841404E-16 6.381161563030425E-10 1.2783592636703832E-12 5.996222160973604E-18 
0.6391782370076529 0.0 1.0025058752883652E-10 4.271749282517331E-14 4.5293868057704426E-11 1.1352098074041157E-17 1.0387760342609962E-11 8.442704269816915E-15 6.632265716477854E-14 3.277117804993315E-13 6.775015775640557E-11 4.4247236423805594E-14 2.7555820319825472E-17 3.393352611853926E-11 1.506276202681922E-13 2.8146104158583E-17 2.954027235301022E-9 3.600509921674232E-14 1.2751831981317672E-12 1.7989202789025884E-17 1.63706567852292E-10 2.7181636527506303E-10 1.3566347241238163E-11 6.012967318677453E-17 7.140919295921377E-13 9.526750089293718E-16 3.922255765350819E-9 3.428755789097331E-15 0.0 1.5071534506480261E-10 
0.6241530903911673 8.020745334184437E-15 1.9580139067776783E-13 7.332986865026916E-12 9.6150426213267E-17 1.2645242838423331E-11 3.959941481987173E-15 1.272690059559629E-12 3.051562118397801E-17 7.505136040286893E-12 3.6136845011745207E-12 1.684128440983672E-15 2.7555820319825472E-17 2.770712784791065E-10 1.5803991568939473E-16 1.7779194118701195E-14 5.088832967344348E-15 1.6772728617827205E-10 3.8760263705082906E-15 0.0 1.2224090552709025E-5 6.670391864241368E-9 4.040866117502339E-11 1.659283936034449E-11 5.700651429585511E-9 3.614635280203937E-8 1.45835179147374E-17 4.7276240840577184E-17 0.012967853754527803 5.996222160973604E-18 
0.4170465877087439 6.388042928576752E-14 7.663528041460029E-10 9.426961219945668E-11 8.443622474605054E-7 6.664183310181371E-11 2.281288895297186E-15 8.394853476891457E-9 0.026916908194486826 1.7067246692019647E-13 7.998373240064423E-11 8.561980354612484E-11 7.778918899507985E-11 2.257219219729548E-11 2.1502033039092533E-8 7.198450667701218E-5 3.656100026808563E-7 2.677929953950162E-7 2.3645409688872046E-11 0.0015672743892627622 1.1164917899791416E-5 3.919145377251472E-12 5.4197825329416076E-14 4.772769190868281E-6 2.582808521029952E-9 7.649638170692679E-13 2.1151463202713295E-9 3.137762804575177E-11 4.010400991056012E-15 2.37672973651568E-10 
0.01723362024018965 0.0 2.961582907252509E-11 2.3677795593642803E-13 0.0 3.6541180641264106E-11 1.1146496325879735E-16 5.703320170287881E-17 3.051562118397801E-17 0.0 0.0 3.445471770804437E-12 7.427852471870371E-11 3.399010437818226E-13 3.1075892484563078E-12 2.8146104158583E-17 3.6371141093902057E-7 2.154774807043847E-17 3.1191796421815004E-14 0.0 3.865583113769547E-12 9.465348392764786E-14 2.0114620711450152E-15 3.7333685665485506E-6 2.5235010704790594E-9 8.753219908199865E-10 1.45835179147374E-17 6.58288772024524E-13 0.0 5.996222160973604E-18 
0.42000167388649506 1.6902010668438682E-9 1.8738907925685623E-11 2.918693534884405E-11 5.611694803957845E-14 8.793554630183075E-10 8.737443973360543E-11 6.313575917918695E-15 3.051562118397801E-17 1.4583246630581798E-11 7.182385899113441E-9 1.2999336373589544E-15 2.7555820319825472E-17 1.235673767262271E-11 1.5135729225828034E-12 3.406507492522016E-8 2.119882088267623E-14 2.879944507024544E-7 8.975334450617718E-8 0.0 0.0 2.3202695049415622E-8 9.385718296707425E-7 2.032073626821723E-15 9.33881031496425E-7 8.038152122697048E-6 3.0818659863005015E-13 7.926952100149864E-10 2.541137083346419E-16 2.3220676405138184E-9 
0.22232516015095669 3.7052682084292937E-9 2.049845794553394E-14 1.3398644676881927E-6 3.315209817745247E-14 6.428750194129909E-11 4.426607962816976E-19 5.405422125600351E-10 1.2396829747840248E-15 1.3215544747917813E-9 2.7503957085075894E-14 4.787977648850264E-15 6.781229620245595E-12 5.043435690636182E-10 2.071304580803198E-8 6.809260387667796E-13 7.252887211360832E-7 9.816803607087272E-13 1.334064710535073E-10 0.0 1.2097055362572744E-10 3.632555277534998E-11 3.1707877933112984E-7 1.511510576269803E-8 1.263484382028846E-12 7.39281452214557E-6 4.070163822274235E-14 2.0319317607756406E-11 4.6358892389358815E-11 9.685651412700132E-16 
0.21948342074842037 1.4060152999537207E-9 2.9099680360465954E-11 1.3495272780274812E-6 5.580448750629147E-11 2.3251802447817674E-11 4.426607962816976E-19 3.6656684355756696E-10 5.946701604609349E-15 1.0679259520137346E-13 8.055774368805367E-14 1.5378982373246962E-12 2.7555820319825472E-17 4.995132086312512E-14 3.29451005918381E-12 3.204337575311291E-13 5.309934617625215E-7 9.77364415740194E-13 4.678569978586928E-11 0.0 3.6642985876235324E-9 2.568134209309377E-12 3.431870313146972E-7 1.0109771950754642E-15 2.954398369753637E-10 6.966250113781797E-10 1.64583677698158E-11 6.515988570823435E-10 7.771368498816342E-9 5.996222160973604E-18 
0.012995393357714269 1.0250445383981287E-6 2.961582907252509E-11 9.048416818846522E-18 1.5759208562200917E-10 3.713884792401392E-10 6.809589524043764E-11 5.703320170287881E-17 3.051562118397801E-17 0.0 7.55420870813541E-12 8.048597709880661E-13 7.689455156141968E-11 3.46675947304881E-13 3.0873203933481536E-12 2.934981325794018E-12 9.783050828614929E-10 0.011054380786654864 2.3422090042496005E-8 5.5048195693627994E-14 0.026476434083927254 9.550153532027511E-14 1.7808634402663204E-8 3.850613929567191E-6 2.5235010704790594E-9 8.76724154978409E-10 1.45835179147374E-17 6.866377262050259E-10 0.0 5.4149386375848E-8 
0.43024675915749705 2.9259262830392046E-17 1.0609367985322161E-11 1.4622213265343807E-9 1.0982154211113385E-11 2.960310636422094E-13 4.426607962816976E-19 6.603238854301614E-10 3.051562118397801E-17 1.1914007962069334E-9 1.0231922236391743E-15 2.5010270710766993E-13 2.7555820319825472E-17 3.9746717371159485E-12 4.701761322687908E-17 4.6355196965900756E-7 6.005005854297436E-15 2.154774807043847E-17 1.1642078439409132E-12 0.0 4.928592791850188E-15 1.5068558151470671E-12 6.9322808804838255E-18 0.0 0.0 7.867526902435365E-6 1.45835179147374E-17 5.520491531113856E-12 5.748683607725187E-8 5.996222160973604E-18 
0.6463711250417898 0.0 1.0025058752883652E-10 7.165965175246116E-11 4.466755506566407E-11 1.1352098074041157E-17 1.0387760342609962E-11 8.875321038684345E-13 6.632265716477854E-14 1.178853773571115E-9 6.742795740472903E-13 4.4247236423805594E-14 2.7555820319825472E-17 3.393352611853926E-11 6.603163038206786E-13 2.8146104158583E-17 2.954027235301022E-9 3.600509921674232E-14 1.2751831981317672E-12 1.7989202789025884E-17 1.63706567852292E-10 0.02243929072908248 1.5428833319727003E-7 0.006378050124076833 7.140919295921377E-13 9.526750089293718E-16 3.983992559895685E-9 5.063042321239129E-10 0.0 1.515013034657995E-10 
0.2156451383509414 8.815563328333152E-15 7.98901338067349E-8 1.0823195657862774E-14 1.1192300992384864E-15 4.94518439599026E-10 4.426607962816976E-19 8.095458420940988E-9 7.644519461065565E-13 2.0809662567995393E-10 1.2243791348707711E-8 7.117681409218796E-13 2.8221452250457103E-12 2.471252135085416E-13 3.4892771630158326E-14 9.435059115169746E-12 3.6109890436931406E-9 2.0545269862158745E-11 2.4546126833007242E-11 5.4681022776566697E-14 2.8210519715713393E-6 1.383280279612443E-6 5.6417378944235195E-8 3.2018609882745455E-6 2.5821329091896802E-9 3.363006211924845E-7 9.410173213131064E-10 2.35684482609254E-11 5.598748560013509E-16 4.586047276929595E-8 
0.20991861448338578 3.759362436658984E-9 4.681365890572022E-12 8.653208095476375E-17 1.248228262048886E-13 1.223744005365568E-16 1.3366790002575473E-13 3.69998342395677E-10 2.2357722816588491E-13 8.693460799984016E-14 1.1186834725893145E-11 1.4836050889695102E-12 2.7555820319825472E-17 7.687775989540583E-9 1.5177510496921875E-13 6.170904814435412E-16 1.0683702764765698E-5 1.7770351899223023E-10 1.593699734726136E-8 1.0921941757716382E-14 3.598005173102508E-7 1.1614407102616911E-9 3.40273931531093E-7 3.116425025752589E-13 2.5062278532432216E-12 6.634505577517267E-14 1.3591225864903989E-7 1.1050281189870722E-12 3.8224975176519095E-16 5.996222160973604E-18 
0.4526824573070203 2.273289466079577E-8 1.948326546949873E-17 3.583157591738881E-14 1.2586193329098354E-10 5.107372155383028E-11 4.660440876699737E-13 5.703320170287881E-17 3.051562118397801E-17 0.0 8.282005183394755E-9 4.919886223419773E-15 2.7555820319825472E-17 0.0 1.5803991568939473E-16 1.0459044005001573E-10 9.032566449784746E-18 2.154774807043847E-17 1.0871759249173033E-16 0.0 0.0 2.4110864813691526E-8 6.9322808804838255E-18 0.0 0.0 0.06822663809732009 8.175248808539331E-17 8.099740245416442E-10 0.0 5.996222160973604E-18 
0.8442567655179998 1.4974989964394915E-10 5.391064618868391E-13 1.3581786630238014E-15 2.6787582063203953E-12 1.1506246295301704E-4 1.1146496325879735E-16 1.7704703491091888E-10 3.1111321597799155E-7 1.7584618109101198E-13 1.1380408007335548E-14 2.192304999721751E-13 1.1289406466908125E-10 0.011614329852388012 1.4794506571533724E-13 6.986234642887972E-12 3.661206798738257E-7 1.2052398553137283E-15 5.995496143893022E-12 2.985457661260852E-5 1.7317002322274012E-10 8.9749478510751E-10 2.378533446286451E-13 1.727631787133198E-7 2.502181127104997E-9 8.756409540147794E-10 2.7752995264961414E-10 4.449269727981701E-13 0.0 5.996222160973604E-18 
0.20452736040676572 3.685001498383471E-7 4.925465369225608E-4 1.2170549157422941E-6 6.503437452315348E-14 1.8922184003532112E-6 4.426607962816976E-19 5.133026143456913E-6 1.2864694356803275E-11 2.824814026337117E-10 2.4813013417942246E-6 3.9650253959490036E-13 4.223148674046521E-11 5.899697246141367E-10 1.7643954156952475E-12 5.601920755085349E-5 2.74658559446773E-6 2.618625388364922E-10 4.337155194791884E-12 2.2530716219058387E-7 3.097227325265091E-12 1.338663865193382E-9 3.144085549700945E-7 3.2383683771539403E-6 9.422150133172732E-5 7.285871345292789E-7 3.429913987907285E-9 5.5030372041515547E-11 5.508933889392424E-16 4.326294113804757E-12 
0.239070561236927 4.815219073944551E-12 4.9015900365492275E-11 1.8902372219206488E-11 3.95039860548052E-9 5.391254914862479E-10 7.097214790566649E-16 1.5225409331860962E-9 3.051562118397801E-17 0.0 2.1517048839117007E-16 5.645129528907336E-14 6.947290057617327E-4 0.0 4.95545802928393E-6 5.0092478547237945E-12 1.6780005987896518E-5 4.4178020527477506E-11 2.4414951468377613E-10 0.0 0.0 1.552850628662829E-13 1.682741287549665E-5 4.8439339312001295E-5 8.085147635115931E-9 3.644890248224814E-12 4.0940394403820086E-14 3.127775665059546E-9 2.0690481997629877E-4 2.5694980529395775E-10 
0.44400203020058826 8.210108678204703E-11 1.401418761724503E-7 8.653208095476375E-17 4.088260705496427E-11 6.551459981219874E-6 4.426607962816976E-19 3.575963039299378E-10 3.051562118397801E-17 0.0 2.1517048839117007E-16 1.6026638331286675E-12 5.6524566905409506E-14 7.681830383222924E-5 1.2360404892489997E-4 2.8421519112265684E-9 5.044605974824373E-6 4.430880581830024E-11 0.001105452477310129 0.0 1.7841259845839603E-14 1.9525253312958087E-14 3.55671164549897E-7 1.181663988977183E-4 2.3809224746026282E-11 3.613832750716251E-12 9.353392110903638E-12 3.1305862491799014E-11 2.9243127146634264E-9 2.431730152032593E-10 
0.013005331726738512 3.623587670899398E-9 2.961582907252509E-11 1.3581786630238014E-15 1.5759208562200917E-10 3.174784594174445E-8 6.968209726454911E-11 5.703320170287881E-17 3.051562118397801E-17 0.0 6.770044304647932E-10 8.380706372394335E-13 7.624820163250915E-11 3.46675947304881E-13 2.5598150021796163E-13 1.0844068448575768E-10 9.783050828614929E-10 7.808117629469621E-10 1.9323615141216325E-6 5.5048195693627994E-14 3.865583113769547E-12 9.465348392764786E-14 1.7906994761779135E-8 3.893824584259562E-6 2.6264113085791615E-9 8.76724154978409E-10 1.45835179147374E-17 6.809074512368857E-10 7.567438139354999E-16 5.430822167009175E-8 
0.6195800359155683 4.114323466873139E-9 1.2199210443333434E-8 7.180564546048658E-5 5.773360336526462E-14 1.0474311430600995E-11 4.426607962816976E-19 3.12039496534321E-8 5.660707890421993E-11 4.3679997587218045E-10 0.0 4.038304746000713E-13 1.142811228203995E-11 3.0869864770842525E-16 1.1239882800576506E-14 2.3440675463516084E-12 5.333762156304401E-13 1.0869638416897912E-12 2.113970999319052E-8 0.0 5.905175699465314E-16 3.852515620868929E-11 1.3956553352248207E-8 6.4667286973464885E-12 1.1924517109676192E-14 2.2218355503432993E-5 1.0897235894731305E-13 2.3158850670862162E-11 0.025886429621439028 5.009442072198536E-11 
0.8306546997958765 8.46318211151236E-7 2.908411022772114E-12 3.606552335543419E-14 1.2887570872750132E-10 8.793554630183075E-10 4.56463512011769E-13 5.117949022368484E-11 3.051562118397801E-17 1.4374786098407527E-11 8.289243672416639E-9 2.867909631014597E-13 2.7555820319825472E-17 5.045284717583289E-10 1.5198626374841667E-12 3.406507492522016E-8 1.266035459644139E-14 6.188113179806687E-9 9.112536528071267E-8 1.956193171420184E-16 9.625404490989912E-12 2.3754808911767726E-8 9.423281790798879E-7 6.416352104722303E-13 9.735878713690595E-7 8.492509337055497E-6 1.6215218352631397E-14 8.025000379747446E-10 0.0 6.411232498614515E-10 
0.42627456162881616 1.2640040227562244E-9 1.6393457332648277E-6 1.2261624509808372E-8 8.955201380602314E-13 2.624508184921554E-4 1.1146496325879735E-16 4.082352317846521E-8 8.680375214290126E-13 8.559013787297783E-9 1.2977063737985927E-8 8.560440702875932E-14 3.490525293366485E-12 7.833886376944587E-5 5.911167131776286E-16 4.175338779066791E-7 5.13564650659885E-6 4.807877149334989E-9 4.661879804417508E-10 1.464968990397556E-4 5.268372072671987E-13 1.1831541951241236E-13 2.7442331395294562E-14 1.0438085710706739E-10 1.7103903565162654E-9 5.9048535289673014E-6 7.425158321824576E-10 3.234457504372441E-9 2.8376613193475346E-14 2.3944879557574722E-14 
0.8335916017706573 9.96862659268971E-7 1.477192104125047E-11 1.0696254309728345E-14 3.850237980931542E-9 1.7692146788687992E-9 7.508198103022996E-9 5.974473311862251E-11 1.116966480294534E-13 0.0 1.7882783406752842E-5 1.0282620555364025E-13 2.7555820319825472E-17 6.599992264597775E-16 8.225347451914933E-14 3.136992537647081E-8 2.2208272608217737E-14 7.027532808118439E-10 1.8571539621949663E-6 0.0 1.7064685445191674E-10 1.0630883193031649E-8 1.8643544137035108E-6 4.159745318710336E-13 2.4691054114955405E-10 4.634515327399487E-13 2.5947289872186536E-15 3.115009342657845E-11 2.0899769239085663E-11 2.363908390656537E-9 
0.0416685261096979 0.0 9.918473178986264E-5 8.653208095476375E-17 8.093357560925675E-13 2.4233444739300202E-8 1.1146496325879735E-16 1.0999649339878017E-14 8.077246125334012E-16 6.032862983468159E-10 3.462895915155283E-8 3.6027321473141166E-13 1.9007435653840947E-13 2.7054874702881285E-9 4.701761322687908E-17 7.888062585673459E-16 3.872006028460337E-8 0.003166426216428064 9.532519674271032E-10 5.451944193070516E-7 4.025514869236937E-11 3.2490597601542335E-13 2.1761480926465976E-11 0.0 9.848233149853303E-7 2.6676179227571847E-9 2.193368446664632E-16 8.51876165445981E-12 0.0 7.352800298536184E-13 
0.24193866741666256 1.9650177923212068E-13 4.137124015771534E-6 2.1817637025760196E-13 6.076204166551764E-9 4.925049000495705E-10 1.1146496325879735E-16 5.703320170287881E-17 3.051562118397801E-17 1.3476996925094777E-9 2.2945896426759563E-14 1.9067369838789663E-13 8.149663477197676E-12 8.632493283743432E-16 4.139565607757092E-14 2.2803187929595415E-10 7.149985548555312E-12 9.533691465370168E-12 1.932808470421402E-12 2.0991141292184396E-15 1.7714400827965587E-10 2.5466875576920455E-13 2.389971738289685E-6 8.217796338698567E-9 9.798007281504068E-12 6.450285751845856E-11 4.845688365264489E-8 2.0721100134583057E-11 4.020933256432257E-17 2.0546331373495155E-10 
0.007466513022460264 0.0 1.948326546949873E-17 8.653208095476375E-17 0.0 1.223744005365568E-16 4.426607962816976E-19 5.182458445730602E-10 3.051562118397801E-17 0.0 0.0 0.0 1.6340527788904017E-15 1.1838486014815052E-7 4.701761322687908E-17 2.8146104158583E-17 5.315777672491393E-7 5.903267811635669E-14 9.866983862861517E-12 5.091265527542734E-15 1.0850160669395195E-11 0.0 1.0231508368700591E-10 0.0 0.0 7.243078425814587E-18 0.006615775254649887 1.087850963630714E-11 6.04938612422497E-8 1.975302783967849E-12 
0.4354863578594626 1.3201995210501792E-8 3.00375592118979E-11 1.3581786630238014E-15 1.4088409072806236E-10 4.608102412340122E-9 7.466397897811801E-9 3.5931240796327966E-10 8.99262119666913E-16 9.770916625364579E-10 4.788093998902192E-10 1.5743962239507788E-12 1.0014768262133935E-14 5.0412958618855284E-14 3.213393368816072E-12 3.3212730944095956E-8 1.0309034468796983E-8 9.860320224090928E-13 1.8708858982367589E-6 0.0 1.7064685445191674E-10 1.064080793960961E-8 3.8923736320498533E-8 4.996032805818919E-11 2.676458363832733E-9 1.457476808469794E-11 1.2404100467041412E-13 7.733394086896843E-10 1.158927959744279E-11 2.4201375104170146E-9 
0.21749760945954588 2.806381201083047E-15 2.36494470090213E-10 2.151632149703959E-9 9.6150426213267E-17 8.604826442283532E-10 4.426607962816976E-19 2.1939038449872585E-11 8.707700587790742E-14 1.235493004698191E-9 2.714042350793202E-14 6.085235577660482E-11 1.876280530299851E-10 4.90416398029702E-10 5.641413573335737E-11 7.888062585673459E-16 1.3028200497998047E-10 1.7950017575742304E-8 1.1709791121568908E-10 1.2119045698765277E-4 3.5522372009896734E-12 5.522459683324136E-13 1.0557222785752836E-5 3.2605267883224287E-6 2.7735750220449464E-11 7.375705108698039E-6 2.193368446664632E-16 5.352515089257621E-10 7.525918722962958E-15 5.329514217824734E-12 
0.20626931890928396 3.685001498383471E-7 4.925465369225608E-4 4.2879784724203305E-8 1.1028923231842374E-11 1.8922184003532112E-6 1.1146496325879735E-16 5.133026143456913E-6 4.4796204610341266E-13 2.824814026337117E-10 2.4813013417942246E-6 3.9650253959490036E-13 4.223148674046521E-11 1.5307675252907376E-11 1.7643954156952475E-12 5.5641874467142705E-5 2.74658559446773E-6 2.618625388364922E-10 1.2437500773628885E-12 2.210939856111891E-7 3.097227325265091E-12 1.3785741123833096E-9 3.144085549700945E-7 3.1488440358607896E-6 9.422150133172732E-5 7.285871345292789E-7 4.9604029613211045E-11 3.6414973704112954E-12 5.508933889392424E-16 4.425768613365222E-12 
0.22624032565239302 4.815219073944551E-12 2.894691203146675E-8 9.766847595677126E-10 1.219950429214078E-9 5.391254914862479E-10 9.071282429082817E-14 1.5272622804310268E-9 3.051562118397801E-17 0.0 2.1517048839117007E-16 5.712405996860173E-14 1.4307378417759987E-13 1.0332592229695753E-15 4.95545802928393E-6 5.0092478547237945E-12 1.6780005987896518E-5 3.972960196992059E-11 4.9270111660705786E-9 0.0 5.737644012581616E-15 1.425955695491953E-13 1.6460773579397888E-5 4.8439339312001295E-5 8.085147635115931E-9 3.613832750716251E-12 1.36681870912476E-10 3.192834088407782E-9 2.070844045757788E-4 2.5694980529395775E-10 
0.20825000459455492 1.749568505978647E-14 2.961582907252509E-11 1.858212910914226E-14 3.9752531972622473E-13 4.007588125030058E-8 4.7121151475538916E-14 1.5008603241760258E-9 2.825978590323244E-13 3.323021782436732E-13 7.885767819143455E-12 5.3991170835254594E-14 7.624820163250915E-11 5.217321926375684E-11 6.728284631915462E-5 2.8146104158583E-17 3.7843966173863066E-7 2.154774807043847E-17 2.5786943087368047E-14 1.4809309458333614E-15 3.865583113769547E-12 9.57860645605107E-14 1.7522972334657452E-8 1.022682092172623E-8 2.605171178304346E-9 9.305765241939906E-10 1.45835179147374E-17 6.866377262050259E-10 1.1241539389104498E-16 3.6021312976258926E-10 
0.05511845277821287 0.0 2.961582907252509E-11 2.3677795593642803E-13 0.0 3.6541180641264106E-11 4.426607962816976E-19 5.703320170287881E-17 9.133993931884633E-16 0.0 0.0 6.06598970982898E-14 3.499839054529431E-12 3.399010437818226E-13 3.1075892484563078E-12 8.907447323877945E-10 3.6371141093902057E-7 2.446880863710002E-10 3.1191796421815004E-14 0.0 6.952078158251616E-13 9.420695848018682E-14 2.0114620711450152E-15 3.7333685665485506E-6 5.796539325244759E-11 8.050427009414904E-10 2.8298561773361155E-8 1.0923888608660425E-12 0.0 5.996222160973604E-18 
0.02150164553024339 3.438885942984284E-8 5.563190052536255E-12 1.248944918914448E-6 2.844848498904898E-12 6.727680453412051E-14 1.1146496325879735E-16 3.265175376973391E-8 1.066820721254498E-15 1.0055258394307438E-12 3.60460570984981E-12 3.417966614569568E-12 5.420025408153659E-15 1.9231627161041045E-16 1.6537568573268474E-12 1.6800070027398566E-12 1.3672646542888177E-5 2.835939116809615E-7 9.40758160727762E-12 2.9655461775491377E-6 1.0743674523274138E-13 7.931450093849943E-10 3.8879287629911865E-7 3.849402611813248E-14 4.9105823666139816E-12 9.605177074962064E-10 1.1476703202464788E-13 0.043540310789759167 4.5891533358962325E-12 1.3395380700903304E-10 
0.8255846906187873 9.96862659268971E-7 1.221031276032201E-8 9.252964377715641E-15 3.935630116573651E-9 2.00306849475615E-9 7.583667516078854E-9 5.974473311862251E-11 1.116966480294534E-13 1.201214994954325E-10 1.7882783406752842E-5 7.90674328266619E-14 2.7555820319825472E-17 1.2407941436261823E-6 5.5237431377580095E-15 3.7600338907847426E-8 1.883931836192577E-7 6.820358077723171E-10 1.8385856094182927E-6 0.0 1.824300610368874E-10 1.0630883193031649E-8 1.8643544137035108E-6 7.000555449752225E-13 6.032935969560558E-6 4.634515327399487E-13 2.5947289872186536E-15 3.115009342657845E-11 2.0899769239085663E-11 2.6594971440056865E-10 
0.8348538316880727 1.5037857656911862E-10 9.289506512652024E-8 1.3209182722298963E-6 8.896769711554598E-11 2.0413079391147382E-7 4.426607962816976E-19 2.89991272191428E-9 9.591292093795832E-12 5.50718872938979E-10 2.1085388558244748E-10 4.820444205231123E-13 3.0118543135038616E-14 1.035996804520756E-9 2.451827523194487E-13 2.1454114809089307E-10 2.860515532134468E-7 8.010315051673366E-14 1.5946048171439354E-9 4.6384502130121935E-14 1.29681180787126E-10 3.411248904593167E-11 2.2445908224949794E-8 1.2729250725132055E-11 1.331533820716309E-12 1.4235966353785684E-11 1.7216947082590774E-11 7.245933139387924E-10 1.0239279401592485E-9 2.6114066743759275E-12 
0.22447872447116865 3.7437619015717115E-9 1.4241432536604696E-9 1.357624225820761E-6 2.54399512364101E-12 1.6570507601685657E-12 1.9351702973963643E-13 5.291731550986601E-10 1.3037732548471427E-14 5.22438469741939E-11 3.181745408650275E-12 2.0441350356490644E-14 2.7555820319825472E-17 1.183323501318767E-7 3.2138531851144288E-12 6.560676916342185E-13 5.276858152551805E-7 1.0026727173298504E-12 9.336263924024356E-13 5.061592035979573E-13 4.5482416408102977E-10 1.1566221718810716E-9 1.1092530798621568E-8 1.8663274591618195E-6 8.661236067770821E-10 2.0238023375205402E-7 1.5122430482049664E-13 8.180882040751204E-11 1.1155902798613698E-10 1.2640208942175133E-10 
0.25264825375595446 8.775609568118072E-7 8.906627889326904E-10 1.1009027854163897E-14 2.672467382604514E-10 2.1398058554600016E-6 2.7644804007064305E-11 5.974473311862251E-11 3.051562118397801E-17 9.95071774477115E-9 5.2702064218933276E-5 3.0773438099103234E-12 1.5166333862231025E-15 7.348350267664138E-14 3.859082609289079E-14 2.8597470984267644E-7 1.109534062962615E-8 7.027532808118439E-10 1.935887146817375E-6 0.0 1.2955107459478615E-12 1.0630883193031649E-8 2.427963462282583E-6 1.2807655676546353E-11 4.78466073324748E-7 4.3835528675731456E-13 4.614618459069003E-9 4.9824372792233065E-11 9.632587184686167E-10 2.363908390656537E-9 
0.048693917756898714 3.465907184439083E-15 9.785699298915353E-11 6.858677635423252E-12 9.6150426213267E-17 1.223744005365568E-16 1.0369676822408387E-11 5.703320170287881E-17 3.051562118397801E-17 3.15531964352749E-13 6.642636991696557E-10 8.594572552958099E-17 6.321053211187962E-13 1.2522363326288053E-13 4.233677587543366E-14 6.138447588365671E-6 2.5772535253955105E-8 2.154774807043847E-17 1.0871759249173033E-16 0.0 0.0 2.0903832463085634E-13 6.9322808804838255E-18 1.1951752117859044E-9 0.0 2.7247154283241557E-12 1.45835179147374E-17 0.02288229190150667 1.7301516450817808E-13 3.2087075775077065E-15 
0.6379308763759706 6.637529345442792E-10 1.700044783630866E-14 1.5552721822670216E-7 5.94813250051432E-13 7.124461534694532E-7 4.426607962816976E-19 9.568263329140128E-16 3.051562118397801E-17 6.466905371251537E-13 3.962185253527061E-7 2.621244143217984E-12 1.5166333862231025E-15 3.071740804610572E-8 6.58688742026986E-14 2.8146104158583E-17 7.654508876141109E-7 3.1063631481997496E-7 3.8646390218108805E-18 1.458551881484393E-15 6.52816507442035E-16 1.59949791965174E-7 5.658370602612958E-7 2.8224610716741137E-11 6.395333671684153E-11 7.021554363452927E-6 4.658445284335231E-16 5.043194536981358E-14 0.0 2.497366636937154E-9 
0.0017548149892089235 6.022775310310875E-14 1.948326546949873E-17 8.653208095476375E-17 0.0 3.869993327459206E-8 2.281288895297186E-15 2.979009080513947E-8 3.3146885448854476E-15 0.0 0.0 7.101139668743724E-13 7.65832425793836E-11 4.5731706872122744E-15 8.035670978213037E-15 2.8146104158583E-17 3.594242245380452E-7 4.817300627741601E-13 1.0871759249173033E-16 5.373068895977588E-14 5.497280276079044E-14 2.288809073673801E-13 5.520507744247238E-11 3.869249295139958E-6 2.4886189130292354E-9 1.6501681666583395E-10 1.45835179147374E-17 9.75541387610228E-14 0.0 3.779035911272921E-15 
0.8269320314685372 6.296268723476266E-12 1.948326546949873E-17 1.2992460046593548E-15 1.083281355494733E-10 8.351423307332194E-16 1.1146496325879735E-16 1.6873043082731415E-10 3.051562118397801E-17 8.410369255002029E-12 1.9247632993863937E-11 6.943704245396283E-13 7.405405017362225E-8 0.0 8.287752565094132E-15 3.0042855114952185E-10 1.2908588033084973E-7 1.7003171334505992E-13 8.432871409808604E-10 4.3766901241259353E-13 1.6519935274621545E-10 3.571781409048955E-8 1.1795458334299948E-16 2.6055305102676155E-11 2.7222779035548067E-13 1.1786793920915881E-13 4.068041403258324E-9 8.378392152735992E-12 0.0 1.730957206892491E-9 
0.003763304278902535 1.2640040227562244E-9 1.6393457332648277E-6 1.2261624509808372E-8 8.955201380602314E-13 2.624508184921554E-4 1.1146496325879735E-16 4.1814162469076243E-8 8.680375214290126E-13 8.201990100701522E-9 1.2977063737985927E-8 8.631303294439845E-14 3.6120532443368416E-12 7.833886376944587E-5 5.911167131776286E-16 4.175338779066791E-7 5.13564650659885E-6 4.807877149334989E-9 4.661879804417508E-10 1.1114356191585826E-4 0.011354510468260609 1.172772547054663E-13 2.7442331395294562E-14 1.0438085710706739E-10 1.7103903565162654E-9 5.9048535289673014E-6 1.2859861095157654E-13 1.9108361737939227E-11 2.7761395849935565E-14 1.07485126282799E-15 
0.6331535840921 2.806381201083047E-15 2.1072572398328924E-10 2.789605170375524E-11 9.6150426213267E-17 8.794709686635253E-10 4.426607962816976E-19 9.763838622914421E-12 1.6958331414009357E-16 1.2339277721402857E-9 6.497871889786188E-16 6.085235577660482E-11 2.7555820319825472E-17 5.052340670303753E-10 2.071929436592371E-8 7.888062585673459E-16 1.5747558189914952E-11 2.81620066508867E-7 1.1709791121568908E-10 9.266556412365436E-13 0.0 1.746016247853208E-15 9.675332261041801E-6 1.803427642080795E-13 2.3166702252241805E-11 7.375705108698039E-6 1.1255430947899022E-14 5.430958327435537E-10 0.0 4.500854320110362E-16 
0.633479168837791 1.4557361095138886E-10 8.037772416133149E-8 7.535702365510052E-11 1.1192300992384864E-15 4.6378508923405795E-10 2.281288895297186E-15 8.478417923761806E-9 9.454363152851959E-9 2.0809662567995393E-10 3.16125694723178E-10 6.481031821342666E-13 2.8221452250457103E-12 3.4598713741680457E-13 3.370641210171083E-12 1.2021073695250236E-11 2.170692390270711E-8 2.0545269862158745E-11 2.2596910189899706E-11 6.339836201514357E-4 2.8210519715713393E-6 2.6940805372206828E-8 1.4004329209095642E-9 6.843885537544235E-8 3.593295914966521E-11 1.0167753878461787E-9 9.410173213131064E-10 2.424703994478066E-11 2.7613997211267425E-14 4.586047276929595E-8 
0.2126310074470002 3.115685304038474E-12 1.01171155383911E-9 1.4336080888262666E-9 1.1239367566326561E-11 4.419210642032508E-15 4.426607962816976E-19 4.133508655651291E-11 3.051562118397801E-17 1.1925589682890452E-9 7.87260003540931E-15 3.6489383164899806E-14 2.630015830756182E-13 4.068528640345927E-12 4.485801721433522E-12 7.141482596059805E-9 5.192275623777538E-17 3.2791347868155375E-9 1.037981922115734E-9 0.0 0.0 1.5068558151470671E-12 2.038514580833467E-13 0.0 0.0 4.8041076015893E-8 4.5261716869675244E-8 6.875326873832061E-12 1.5504074143684113E-8 2.7471370727245368E-11 
0.427973038947524 2.6429423500285906E-9 9.044041637463554E-10 1.1009027854163897E-14 3.8715326760723414E-9 2.730809846883494E-8 1.2631120504187151E-10 5.974473311862251E-11 7.28564573384988E-15 9.95071774477115E-9 5.2702064218933276E-5 3.401102143163651E-12 1.5166333862231025E-15 7.70775736753873E-14 3.2117621371962337E-12 2.7953637394786306E-7 2.7965917536227466E-9 7.027532808118439E-10 2.050447464442034E-6 4.176639220670497E-16 1.6775245482825724E-10 1.0630883193031649E-8 1.595903292924217E-7 1.2807655676546353E-11 1.3767199464561256E-10 4.582754916065219E-13 4.644560727349977E-9 7.892868503762095E-10 9.555643491312677E-10 2.363908390656537E-9 
0.8321599009520143 4.867321702348936E-12 2.254293238455398E-7 3.9637812637597305E-15 3.336883590954662E-7 1.360575419271371E-9 2.281288895297186E-15 9.741145222963038E-10 3.051562118397801E-17 2.3258726507127716E-12 6.539894047908088E-13 3.1670626843174403E-12 4.39717134569909E-11 0.0 0.008408978302750027 1.0694069958562452E-10 6.502301300083129E-8 2.959438321308095E-11 6.973787570265201E-15 5.5122451877849846E-14 3.137582634296787E-11 5.652585449740021E-10 3.5174371890424657E-14 7.004025384660267E-11 1.4124523826137802E-11 3.458642128162406E-12 1.3192675300408175E-15 3.252848375056621E-9 1.7409705358022182E-15 5.5094491644463256E-9 
0.21300372588863747 7.271941787317952E-14 1.4460289477904607E-13 2.122712631198329E-9 9.6150426213267E-17 8.786177243479314E-10 4.426607962816976E-19 3.1267455354893673E-9 1.925339910514046E-14 1.2018175913465753E-9 2.7503957085075894E-14 6.16070871282671E-11 1.4075922559106733E-12 3.6935058795769496E-7 2.91475771933362E-6 2.8146104158583E-17 3.0429078578881936E-10 1.7966454453060198E-8 3.4573342665419104E-12 6.568477658768762E-7 3.67907701346971E-12 1.0821692726886865E-12 1.751325522020772E-10 3.732357710422456E-6 2.77299306256493E-10 7.517422694805512E-6 1.45835179147374E-17 2.0648475237094932E-10 4.909544233701795E-12 4.557596145339558E-11 
0.41377453390466945 2.360605990731822E-12 2.967257247202735E-11 2.456617670887588E-13 2.700413270875111E-12 3.718911642438334E-11 4.426607962816976E-19 2.8121595224933937E-11 2.4780734730086122E-8 1.7067246692019647E-13 2.6900291120865477E-14 3.4295343267758767E-12 7.868052401626875E-11 3.4207799541234055E-13 7.880305643056114E-11 7.207334356883401E-12 2.14533256943837E-9 3.192137362925174E-13 2.9231637227730726E-12 2.6972204809917136E-4 3.675006292235162E-12 3.927099041295172E-12 2.378533446286451E-13 5.256883373407957E-4 2.4404550312663635E-9 8.32308253021562E-10 1.45835179147374E-17 5.498430492905646E-10 9.281048705506908E-15 1.3569817667076007E-12 
0.23202327678279844 0.0 1.948326546949873E-17 4.251738264461204E-14 2.630007322319902E-10 2.1273331572325864E-13 1.0528653307663295E-11 6.920806617235892E-12 1.3550534245093781E-10 4.354645902786009E-12 2.1277872204534613E-12 0.0 4.611800464041636E-11 7.595028985060144E-11 4.439624735967715E-15 5.396466801837292E-14 2.7952349423152304E-12 7.233864058498774E-13 6.973787570265201E-15 1.5961297319714057E-8 2.0145077627523804E-8 6.080172923471038E-11 6.691709272766727E-7 7.17977591171582E-4 6.48152044734023E-13 2.0847301743709846E-16 1.4973664126555095E-6 3.3139823858038967E-9 1.7409705358022182E-15 4.8480445240595335E-8 
0.6262049580855212 2.2925501777997823E-12 7.98901338067349E-8 7.535702365510052E-11 1.1192300992384864E-15 4.94518439599026E-10 2.281288895297186E-15 8.478417923761806E-9 7.644519461065565E-13 2.0809662567995393E-10 1.2243791348707711E-8 7.117681409218796E-13 2.8221452250457103E-12 2.471252135085416E-13 3.4892771630158326E-14 3.70147032122745E-10 2.7326356036366583E-6 2.0545269862158745E-11 2.342428411144369E-11 5.4681022776566697E-14 2.8210519715713393E-6 1.383280279612443E-6 5.6417378944235195E-8 3.2018609882745455E-6 2.5821329091896802E-9 2.787498539074667E-8 9.410173213131064E-10 2.422098990157415E-11 2.7613997211267425E-14 4.586047276929595E-8 
0.8278776196748299 1.3568598324068468E-10 1.9968055051219225E-10 1.0391197405408831E-13 4.593035070101424E-11 6.729578288561148E-16 1.1146496325879735E-16 9.202727947139809E-10 3.1632715909564356E-7 3.7401312770479365E-4 3.558919683003577E-11 8.693357369156599E-5 1.7373273779893862E-12 4.818431374403223E-7 1.639757350371794E-12 2.6557006116098005E-10 1.960228857232058E-5 9.601551942097755E-8 1.0154193284503353E-9 0.0 2.7450145184547766E-14 5.910922863640461E-10 5.126583673344722E-13 9.581358446459579E-5 1.2254911380065283E-5 1.3060178279294175E-10 1.45835179147374E-17 3.936880784971728E-11 0.03004641140806232 2.966287685528336E-11 
0.8264204376195079 2.522163512070205E-4 9.045123480653037E-12 8.653208095476375E-17 1.7335659471840465E-12 3.4179667431291034E-9 1.1146496325879735E-16 4.992970807420119E-7 9.133993931884633E-16 0.0 2.6599559629497704E-14 0.0 2.7555820319825472E-17 0.0 4.701761322687908E-17 1.7044530937800118E-7 1.00143112754163E-8 2.5317241954782574E-10 0.029796824573484308 0.01806360824943365 7.784377536868107E-13 8.024101557328097E-15 1.5923064884564703E-14 1.5616484259484852E-13 2.188671879145828E-14 7.243078425814587E-18 2.2390220297008577E-9 1.4071336656627291E-14 0.0 1.391194240055818E-9 
0.6276529046388252 1.5232599475868626E-10 1.0233903358914531E-11 3.1837056675717974E-14 9.6150426213267E-17 1.0743430339312921E-7 4.426607962816976E-19 8.274534901601194E-9 1.3780704431234588E-12 1.0129577192123867E-11 2.3354651881013141E-4 1.1763189156344221E-10 2.8221452250457103E-12 3.388840944682025E-8 1.843564373806035E-16 4.484429161609013E-9 0.004645577068757518 9.317562070643985E-12 1.3752226777340118E-10 5.483984307217356E-14 1.3233639150584762E-8 1.383280279612443E-6 6.09967481012045E-8 6.007421260114144E-10 5.943510341821904E-6 2.7369190986917695E-8 9.410173213131064E-10 1.0709677483104551E-13 4.264829706485083E-15 4.6406980381155555E-8 
0.2322124631532394 0.0 1.0025058752883652E-10 4.271749282517331E-14 4.5293868057704426E-11 1.1352098074041157E-17 1.0546819496797581E-11 3.048409417595947E-13 1.1927182756249552E-12 3.277117804993315E-13 6.974277896320759E-11 4.4838510157572875E-14 2.7555820319825472E-17 7.363796197858924E-9 1.61709864471342E-13 8.401529274454305E-16 2.8296720257502326E-9 3.600509921674232E-14 1.2798674293355808E-12 1.7989202789025884E-17 2.037210379504095E-8 2.613650230196609E-10 1.3786171600257206E-11 6.012967318677453E-17 4.9712452943479805E-11 1.6614805992582054E-14 3.922255765350819E-9 3.428755789097331E-15 0.0 1.5071534506480261E-10 
2.8941020657217986E-4 0.0 2.8646307937448195E-8 8.653208095476375E-17 0.0 1.223744005365568E-16 1.2311264204692592E-15 5.703320170287881E-17 3.051562118397801E-17 0.0 0.0 1.5782795222496753E-15 2.7555820319825472E-17 1.0332592229695753E-15 4.701761322687908E-17 2.8146104158583E-17 5.192275623777538E-17 2.154774807043847E-17 4.7573383300560024E-9 0.0 5.737644012581616E-15 5.4862840491086966E-17 6.9322808804838255E-18 0.0 0.0 3.663376782149862E-14 1.498040249296252E-10 4.7276240840577184E-17 3.535584962937612E-6 5.996222160973604E-18 
0.42867792380179137 6.038928499208278E-14 8.73390863880219E-11 1.4411399169597857E-9 1.0982154211113385E-11 4.087253159871108E-11 1.1146496325879735E-16 1.2526452088532884E-11 3.0927238340987864E-7 1.1914007962069334E-9 1.0231922236391743E-15 2.345585362152931E-15 3.8958384820273194E-14 3.9179809575080095E-9 6.9911459255446036E-6 4.6355196965900756E-7 6.005005854297436E-15 2.154774807043847E-17 1.1642078439409132E-12 0.0 4.928592791850188E-15 1.5051095877931733E-12 6.9322808804838255E-18 5.4715437891526015E-15 0.0 7.867526902435365E-6 4.194465300031775E-16 5.520491531113856E-12 5.748683607725187E-8 6.892005277642885E-15 
