0.0 1.0000000000000002 
0.851831822872713 -0.7733690118683513 
0.0 1.0000000000000002 
0.851831822872713 -0.7733690118683513 
0.823332025242696 -0.4582679644942239 
0.453883176038377 -0.12421844448826327 
0.6525140251248867 -0.4582633239282653 
0.6183970057659143 -0.12422213329786827 
0.2577664370982606 0.24216108766697503 
0.409314669503027 0.2421477741093654 
0.08300107200437995 0.669652356561198 
0.182229286181374 0.6696492882912082 
0.8263703890819113 -0.5179887283426684 
0.24594701383819384 0.26021465516606307 
0.19388980991820282 0.5966612064126217 
0.18816204366846045 0.6350456370822561 
0.2362218133439562 0.3004085285365441 
0.2021945819132398 0.5364102529089141 
0.4149771105041419 0.1676831372147348 
0.8245129404271038 -0.4820521996413946 
0.6217229449109649 -0.180606140048308 
0.8298037460998933 -0.579241035708869 
0.6241368951899917 -0.21921686276381303 
0.8324064529282461 -0.6167814139450848 
0.6387667450463059 -0.39846391221583366 
0.006773926281834944 0.9163172791378108 
0.6209730708948369 -0.1622768865663057 
0.031611673749698976 0.795905710622617 
0.20594189313340294 0.5079714737046951 
0.43374949473886815 -0.03703794795082438 
0.0638502959861833 0.6894351474522565 
0.8441624125715553 -0.7486792044202928 
0.0012336417121494997 0.9648333725245751 
0.2225427360843913 0.3836289401234113 
0.21514957408568158 0.4412604700860135 
0.6356097758712794 -0.36899413730464314 
0.4176363369691555 0.1340200259487648 
0.8396142783193811 -0.68045098600699 
0.6267320138370269 -0.25821901910388445 
0.8287720051384161 -0.5612341727141269 
0.024831840000021782 0.8249756908240173 
0.44193053768910523 -0.09258114039711672 
0.18542975581165577 0.6513434215561861 
0.6343460897934144 -0.3556298809038423 
0.4114456495559599 0.21379637200880375 
0.04202806252693561 0.7542762793191607 
0.22750210466864731 0.35004644584321887 
0.8412697981865942 -0.7217614165307623 
0.43888021571282965 -0.07484921605266334 
0.42336155792282953 0.06580652111136517 
0.21937558854370887 0.406190960349119 
0.19869122630522934 0.562419261096564 
0.6252348889578982 -0.23562409425679567 
0.01099931865250818 0.8922360128602522 
0.22530914547708547 0.3644752009633537 
0.4282577637946763 0.013417975500050422 
0.21773101413711238 0.41829385103939154 
0.0049665822480517985 0.9392641877994973 
0.6186853957467568 -0.12913485531668512 
0.05529894768366975 0.719365739067461 
0.8344521694843244 -0.6502388541872941 
0.6433785338313625 -0.4269467802987362 
0.42514007872835835 0.04603626789892567 
0.4322111481145585 -0.00843750970924111 
0.42647056232503 0.0318113627139915 
0.6414129994962672 -0.4169730183853894 
0.04742861907279211 0.7351144294666841 
0.8332381137106639 -0.6331744965408072 
0.057315527892061124 0.7047852335392852 
0.23480414384938403 0.3068821733632947 
0.02148428181311704 0.8400002171547941 
0.03792568858790801 0.7700250874323671 
0.41923680218812964 0.11430964457111842 
0.839902668318594 -0.7121805702425764 
0.20883651293355388 0.48579285714002485 
0.41316319692403286 0.19119632899639494 
0.6467360569603804 -0.44753802690453043 
0.0710457641784758 0.6773851853369374 
0.6300319392994109 -0.3038230305857178 
0.21223571201537236 0.4662037846591543 
0.002405370154695677 0.950779380688194 
0.44670512871195384 -0.11256320776610763 
0.19635018774301616 0.5793504575259952 
0.40968930925357655 0.2371388968535753 
0.42178898733814624 0.08384916857686536 
0.23132064986866427 0.3264217458793898 
0.2306735515770143 0.3302695155429612 
0.2122629381101095 0.4595132066994195 
0.43009440362283324 -0.004514287458334154 
0.6309628538015242 -0.31577319994546793 
0.44612457793208343 -0.10737116385709676 
0.6322871049549292 -0.3291092692089905 
0.24914826068768348 0.25182252212278083 
0.20807687018699325 0.4916565281229374 
0.6283270667937806 -0.2782796622405307 
0.016396532983676534 0.8693952056450153 
0.0707318357650645 0.677794110510481 
0.4127387124177141 0.19689660586910862 
0.034219324705836274 0.7869030388112478 
0.4376706808155553 -0.05664674780882873 
