26910.0 -14179.817296845067 
26910.0 -14179.817296845067 
26910.0 -14179.817296845067 
26910.0 -14179.817296845067 
26798.0 -14067.286394897783 
26910.0 -14179.817296845067 
26910.0 -14179.817296845067 
26798.0 -14067.286394897783 
26736.0 -13860.979214785399 
26910.0 -14179.817296845067 
26910.0 -14179.817296845067 
26720.0 -13168.052730962201 
26910.0 -14179.817296845067 
26910.0 -14179.817296845067 
26910.0 -14179.817296845067 
26736.0 -13860.979214785399 
26910.0 -14179.817296845067 
26910.0 -14179.817296845067 
26910.0 -14179.817296845067 
26910.0 -14179.817296845067 
26910.0 -14179.817296845067 
26910.0 -14179.817296845067 
26910.0 -14179.817296845067 
26910.0 -14179.817296845067 
26910.0 -14179.817296845067 
