5.0306980803327406E-17 0.0 1.301144795966034E-16 1.6398887254788734E-17 5.2709183264355505E-17 4.803191177065171E-17 3.901586863305033E-17 9.679070316751754E-17 4.9278042043549936E-17 0.0 6.386620626659574E-17 0.0 0.0 1.2459116414562548E-16 2.231091084683429E-17 0.0 1.0377535779521061E-16 3.2034406393322266E-18 0.0 2.643730978512078E-17 0.0 2.760421553778297E-17 0.0 2.4907995921869372E-18 3.273623409401978E-17 9.812377780086979E-17 7.247195596431364E-17 1.7297168249304878E-17 0.0 2.6486709687720697E-17 
0.8518328476786476 0.0 1.301144795966034E-16 1.6398887254788734E-17 5.2709183264355505E-17 4.803191177065171E-17 3.901586863305033E-17 0.0 4.9278042043549936E-17 0.0 6.386620626659574E-17 0.0 0.0 1.2459116414562548E-16 2.231091084683429E-17 0.0 1.0377535779521061E-16 3.2034406393322266E-18 0.0 2.643730978512078E-17 0.0 2.760421553778297E-17 0.0 2.4907995921869372E-18 3.273623409401978E-17 9.812377780086979E-17 0.0 1.7297168249304878E-17 0.0 2.6486709687720697E-17 
0.8518328476786476 0.0 1.301144795966034E-16 1.6398887254788734E-17 5.2709183264355505E-17 4.803191177065171E-17 3.901586863305033E-17 0.0 4.9278042043549936E-17 0.0 6.386620626659574E-17 0.0 0.0 1.2459116414562548E-16 2.231091084683429E-17 0.0 1.0377535779521061E-16 3.2034406393322266E-18 0.0 2.643730978512078E-17 0.0 2.760421553778297E-17 0.0 2.4907995921869372E-18 3.273623409401978E-17 9.812377780086979E-17 0.0 1.7297168249304878E-17 0.0 2.6486709687720697E-17 
5.0306980803327406E-17 0.0 1.301144795966034E-16 1.6398887254788734E-17 5.2709183264355505E-17 4.803191177065171E-17 3.901586863305033E-17 9.679070316751754E-17 4.9278042043549936E-17 0.0 6.386620626659574E-17 0.0 0.0 1.2459116414562548E-16 2.231091084683429E-17 0.0 1.0377535779521061E-16 3.2034406393322266E-18 0.0 2.643730978512078E-17 0.0 2.760421553778297E-17 0.0 2.4907995921869372E-18 3.273623409401978E-17 9.812377780086979E-17 7.247195596431364E-17 1.7297168249304878E-17 0.0 2.6486709687720697E-17 
0.409313779795165 0.0 1.301144795966034E-16 1.6398887254788734E-17 5.2709183264355505E-17 4.803191177065171E-17 3.901586863305033E-17 0.0 4.9278042043549936E-17 0.0 6.386620626659574E-17 0.0 0.0 1.2459116414562548E-16 2.231091084683429E-17 0.0 1.0377535779521061E-16 3.2034406393322266E-18 0.0 2.643730978512078E-17 0.0 2.760421553778297E-17 0.0 2.4907995921869372E-18 3.273623409401978E-17 9.812377780086979E-17 0.0 1.7297168249304878E-17 0.0 2.6486709687720697E-17 
0.823331938045924 0.0 1.301144795966034E-16 1.6398887254788734E-17 5.2709183264355505E-17 4.803191177065171E-17 3.901586863305033E-17 0.0 4.9278042043549936E-17 0.0 6.386620626659574E-17 0.0 0.0 1.2459116414562548E-16 2.231091084683429E-17 0.0 0.0 3.2034406393322266E-18 0.0 2.643730978512078E-17 0.0 2.760421553778297E-17 0.0 2.4907995921869372E-18 3.273623409401978E-17 9.812377780086979E-17 7.247195596431364E-17 1.7297168249304878E-17 0.0 2.6486709687720697E-17 
0.2577624638312807 0.0 1.301144795966034E-16 1.6398887254788734E-17 5.2709183264355505E-17 4.803191177065171E-17 3.901586863305033E-17 0.0 4.9278042043549936E-17 0.0 6.386620626659574E-17 0.0 0.0 1.2459116414562548E-16 2.231091084683429E-17 0.0 1.0377535779521061E-16 3.2034406393322266E-18 0.0 2.643730978512078E-17 0.0 2.760421553778297E-17 0.0 2.4907995921869372E-18 3.273623409401978E-17 9.812377780086979E-17 0.0 1.7297168249304878E-17 0.0 2.6486709687720697E-17 
0.03721615344025901 0.0 1.301144795966034E-16 1.6398887254788734E-17 5.2709183264355505E-17 4.803191177065171E-17 3.901586863305033E-17 9.679070316751754E-17 4.9278042043549936E-17 0.0 6.386620626659574E-17 0.0 0.0 1.2459116414562548E-16 2.231091084683429E-17 0.0 1.0377535779521061E-16 3.2034406393322266E-18 0.0 2.643730978512078E-17 0.0 2.760421553778297E-17 0.0 2.4907995921869372E-18 3.273623409401978E-17 9.812377780086979E-17 0.0 1.7297168249304878E-17 0.0 2.6486709687720697E-17 
0.6183969738708913 0.0 1.301144795966034E-16 1.6398887254788734E-17 5.2709183264355505E-17 4.803191177065171E-17 3.901586863305033E-17 9.679070316751754E-17 4.9278042043549936E-17 0.0 6.386620626659574E-17 0.0 0.0 1.2459116414562548E-16 2.231091084683429E-17 0.0 1.0377535779521061E-16 3.2034406393322266E-18 0.0 2.643730978512078E-17 0.0 2.760421553778297E-17 0.0 2.4907995921869372E-18 3.273623409401978E-17 9.812377780086979E-17 0.0 1.7297168249304878E-17 0.0 2.6486709687720697E-17 
0.4538819423220585 0.0 1.301144795966034E-16 1.6398887254788734E-17 5.2709183264355505E-17 4.803191177065171E-17 3.901586863305033E-17 9.679070316751754E-17 4.9278042043549936E-17 0.0 6.386620626659574E-17 0.0 0.0 1.2459116414562548E-16 2.231091084683429E-17 0.0 1.0377535779521061E-16 3.2034406393322266E-18 0.0 2.643730978512078E-17 0.0 2.760421553778297E-17 0.0 2.4907995921869372E-18 3.273623409401978E-17 9.812377780086979E-17 0.0 1.7297168249304878E-17 0.0 2.6486709687720697E-17 
0.6525120490505347 0.0 1.301144795966034E-16 1.6398887254788734E-17 5.2709183264355505E-17 4.803191177065171E-17 3.901586863305033E-17 9.679070316751754E-17 4.9278042043549936E-17 0.0 6.386620626659574E-17 0.0 0.0 1.2459116414562548E-16 2.231091084683429E-17 0.0 1.0377535779521061E-16 3.2034406393322266E-18 0.0 2.643730978512078E-17 0.0 2.760421553778297E-17 0.0 2.4907995921869372E-18 3.273623409401978E-17 9.812377780086979E-17 0.0 1.7297168249304878E-17 0.0 2.6486709687720697E-17 
0.4219489676304068 0.0 1.301144795966034E-16 1.6398887254788734E-17 2.0128903376409954E-6 4.803191177065171E-17 1.6804977909819003E-5 0.0 4.9278042043549936E-17 4.4906145327135E-4 6.386620626659574E-17 0.0 0.0 1.2459116414562548E-16 2.231091084683429E-17 0.0 1.0377535779521061E-16 3.2034406393322266E-18 0.0 2.643730978512078E-17 0.0 2.760421553778297E-17 0.0 5.414456371741966E-9 3.273623409401978E-17 9.812377780086979E-17 0.0 1.7297168249304878E-17 0.0 2.6486709687720697E-17 
0.17381835171404977 0.0 1.301144795966034E-16 1.6398887254788734E-17 5.2709183264355505E-17 4.803191177065171E-17 3.901586863305033E-17 9.679070316751754E-17 4.9278042043549936E-17 0.0 6.386620626659574E-17 0.0 0.0 1.2459116414562548E-16 2.231091084683429E-17 0.0 1.0377535779521061E-16 3.2034406393322266E-18 0.0 2.643730978512078E-17 0.0 2.760421553778297E-17 0.0 2.4907995921869372E-18 3.273623409401978E-17 9.812377780086979E-17 0.0 1.7297168249304878E-17 0.0 2.6486709687720697E-17 
0.6346291697764096 0.0 0.06899855968174119 0.011703716384592793 5.2709183264355505E-17 4.803191177065171E-17 3.901586863305033E-17 9.679070316751754E-17 4.9278042043549936E-17 0.04675970295595766 6.386620626659574E-17 0.0 0.0 1.2459116414562548E-16 2.231091084683429E-17 0.0 1.0377535779521061E-16 1.1014465623491315E-5 0.0 2.643730978512078E-17 0.04740758252075493 2.760421553778297E-17 0.0 2.4907995921869372E-18 3.273623409401978E-17 9.812377780086979E-17 0.0 1.7297168249304878E-17 0.0 2.6486709687720697E-17 
0.43606936937770524 0.0 1.301144795966034E-16 1.6398887254788734E-17 5.2709183264355505E-17 4.803191177065171E-17 3.901586863305033E-17 0.0 4.9278042043549936E-17 0.0 6.386620626659574E-17 0.0 0.0 1.2459116414562548E-16 2.231091084683429E-17 0.0 1.0377535779521061E-16 3.2034406393322266E-18 0.0 2.643730978512078E-17 0.0 2.760421553778297E-17 0.0 2.4907995921869372E-18 3.273623409401978E-17 9.812377780086979E-17 0.0 1.7297168249304878E-17 0.0 2.6486709687720697E-17 
0.8342147281918042 0.0 1.301144795966034E-16 1.6398887254788734E-17 5.2709183264355505E-17 4.803191177065171E-17 3.901586863305033E-17 0.0 4.9278042043549936E-17 0.0 6.386620626659574E-17 0.0 0.0 1.2459116414562548E-16 2.231091084683429E-17 0.0 1.0377535779521061E-16 3.2034406393322266E-18 0.0 2.643730978512078E-17 0.0 2.760421553778297E-17 0.0 2.4907995921869372E-18 3.273623409401978E-17 9.812377780086979E-17 0.0 0.01120074480046775 0.0 2.6486709687720697E-17 
0.1914339815385394 0.0 1.301144795966034E-16 1.6398887254788734E-17 5.2709183264355505E-17 4.803191177065171E-17 3.901586863305033E-17 9.679070316751754E-17 4.9278042043549936E-17 0.0 6.386620626659574E-17 0.0 0.0 1.2459116414562548E-16 2.231091084683429E-17 0.0 1.0377535779521061E-16 3.2034406393322266E-18 0.0 2.643730978512078E-17 0.0 2.760421553778297E-17 0.0 2.4907995921869372E-18 3.273623409401978E-17 9.812377780086979E-17 0.0 1.7297168249304878E-17 0.0 2.6486709687720697E-17 
0.6234343145029453 0.0 1.301144795966034E-16 1.6398887254788734E-17 5.2709183264355505E-17 4.803191177065171E-17 3.901586863305033E-17 0.0 4.9278042043549936E-17 0.00854279324343521 6.386620626659574E-17 0.0 0.0 1.2459116414562548E-16 2.231091084683429E-17 0.0 1.0377535779521061E-16 3.2034406393322266E-18 0.0 2.643730978512078E-17 4.4755987646996967E-4 2.760421553778297E-17 0.0 2.4907995921869372E-18 3.273623409401978E-17 9.812377780086979E-17 0.0 1.7297168249304878E-17 0.0 2.6486709687720697E-17 
0.2218276217139842 0.0 1.301144795966034E-16 1.6398887254788734E-17 5.2709183264355505E-17 4.803191177065171E-17 3.901586863305033E-17 0.0 4.9278042043549936E-17 0.0 6.386620626659574E-17 0.0 0.0 1.2459116414562548E-16 2.231091084683429E-17 0.0 1.0377535779521061E-16 0.0217208003474368 0.0 2.643730978512078E-17 0.0 2.760421553778297E-17 0.0 2.4907995921869372E-18 3.273623409401978E-17 9.812377780086979E-17 0.0 1.7297168249304878E-17 0.0 2.6486709687720697E-17 
0.8291081083676821 0.0 1.301144795966034E-16 1.6398887254788734E-17 5.2709183264355505E-17 4.803191177065171E-17 3.901586863305033E-17 9.679070316751754E-17 4.9278042043549936E-17 0.0 6.386620626659574E-17 0.0 0.0 1.2459116414562548E-16 2.231091084683429E-17 0.0 1.0377535779521061E-16 3.2034406393322266E-18 0.0 2.643730978512078E-17 0.0 2.760421553778297E-17 0.0 2.4907995921869372E-18 0.05735852377112575 9.812377780086979E-17 7.247195596431364E-17 1.7297168249304878E-17 0.0 2.6486709687720697E-17 
