0.0 0.0 5.327890679986598E-17 0.0 0.0 0.0 4.2652002958153894E-18 4.519689696234967E-17 4.5337714643795854E-17 3.553535237379274E-17 2.184084438280649E-17 1.128998734499135E-16 1.4421563771744813E-17 3.927013046687581E-17 0.0 4.162228553030825E-17 7.242064339276255E-17 4.313361842359215E-17 3.663480497419625E-17 1.4411793725777911E-16 0.0 2.8115663614029906E-17 1.4447446746253793E-17 7.955747727756106E-17 2.0064614939104407E-17 2.299856872666573E-17 1.5083912555601526E-16 0.0 6.764448463895457E-18 0.0 
0.851831822872713 0.0 5.327890679986598E-17 0.0 0.0 0.0 1.1528750275833104E-16 4.519689696234967E-17 4.5337714643795854E-17 3.553535237379274E-17 2.184084438280649E-17 1.128998734499135E-16 1.4421563771744813E-17 3.927013046687581E-17 0.0 6.912178565619294E-18 7.242064339276255E-17 4.313361842359215E-17 3.663480497419625E-17 3.309563479526346E-17 0.0 2.8115663614029906E-17 1.4447446746253793E-17 7.955747727756106E-17 2.0064614939104407E-17 2.299856872666573E-17 1.5083912555601526E-16 0.0 6.764448463895457E-18 0.0 
0.0 0.0 5.327890679986598E-17 0.0 0.0 0.0 4.2652002958153894E-18 4.519689696234967E-17 4.5337714643795854E-17 3.553535237379274E-17 2.184084438280649E-17 1.128998734499135E-16 1.4421563771744813E-17 3.927013046687581E-17 0.0 4.162228553030825E-17 7.242064339276255E-17 4.313361842359215E-17 3.663480497419625E-17 1.4411793725777911E-16 0.0 2.8115663614029906E-17 1.4447446746253793E-17 7.955747727756106E-17 2.0064614939104407E-17 2.299856872666573E-17 1.5083912555601526E-16 0.0 6.764448463895457E-18 0.0 
0.851831822872713 0.0 5.327890679986598E-17 0.0 0.0 0.0 1.1528750275833104E-16 4.519689696234967E-17 4.5337714643795854E-17 3.553535237379274E-17 2.184084438280649E-17 1.128998734499135E-16 1.4421563771744813E-17 3.927013046687581E-17 0.0 6.912178565619294E-18 7.242064339276255E-17 4.313361842359215E-17 3.663480497419625E-17 3.309563479526346E-17 0.0 2.8115663614029906E-17 1.4447446746253793E-17 7.955747727756106E-17 2.0064614939104407E-17 2.299856872666573E-17 1.5083912555601526E-16 0.0 6.764448463895457E-18 0.0 
0.823332025242696 0.0 5.327890679986598E-17 0.0 0.0 0.0 4.2652002958153894E-18 4.519689696234967E-17 4.5337714643795854E-17 3.553535237379274E-17 2.184084438280649E-17 1.128998734499135E-16 1.4421563771744813E-17 3.927013046687581E-17 0.0 4.162228553030825E-17 7.242064339276255E-17 4.313361842359215E-17 3.663480497419625E-17 1.4411793725777911E-16 0.0 2.8115663614029906E-17 1.4447446746253793E-17 0.0 2.0064614939104407E-17 2.299856872666573E-17 1.5083912555601526E-16 0.0 6.764448463895457E-18 0.0 
0.453883176038377 0.0 5.327890679986598E-17 0.0 0.0 0.0 4.2652002958153894E-18 4.519689696234967E-17 4.5337714643795854E-17 3.553535237379274E-17 2.184084438280649E-17 1.128998734499135E-16 1.4421563771744813E-17 3.927013046687581E-17 0.0 4.162228553030825E-17 7.242064339276255E-17 4.313361842359215E-17 3.663480497419625E-17 1.4411793725777911E-16 0.0 2.8115663614029906E-17 1.4447446746253793E-17 0.0 2.0064614939104407E-17 2.299856872666573E-17 1.5083912555601526E-16 0.0 6.764448463895457E-18 0.0 
0.6525140251248867 0.0 5.327890679986598E-17 0.0 0.0 0.0 4.2652002958153894E-18 4.519689696234967E-17 4.5337714643795854E-17 3.553535237379274E-17 2.184084438280649E-17 1.128998734499135E-16 1.4421563771744813E-17 3.927013046687581E-17 0.0 6.912178565619294E-18 7.242064339276255E-17 4.313361842359215E-17 3.663480497419625E-17 3.309563479526346E-17 0.0 2.8115663614029906E-17 1.4447446746253793E-17 8.271758219553039E-17 2.0064614939104407E-17 2.299856872666573E-17 1.5083912555601526E-16 0.0 6.764448463895457E-18 7.004328331039962E-17 
0.6183970057659143 0.0 5.327890679986598E-17 0.0 0.0 0.0 4.2652002958153894E-18 4.519689696234967E-17 4.5337714643795854E-17 3.553535237379274E-17 2.184084438280649E-17 1.128998734499135E-16 1.4421563771744813E-17 3.927013046687581E-17 0.0 6.912178565619294E-18 7.242064339276255E-17 4.313361842359215E-17 3.663480497419625E-17 3.309563479526346E-17 0.0 2.8115663614029906E-17 1.4447446746253793E-17 8.271758219553039E-17 2.0064614939104407E-17 2.299856872666573E-17 1.5083912555601526E-16 0.0 6.764448463895457E-18 7.004328331039962E-17 
0.2577664370982606 0.0 5.327890679986598E-17 0.0 0.0 0.0 4.2652002958153894E-18 4.519689696234967E-17 4.5337714643795854E-17 3.553535237379274E-17 2.184084438280649E-17 1.128998734499135E-16 1.4421563771744813E-17 3.927013046687581E-17 0.0 6.912178565619294E-18 7.242064339276255E-17 4.313361842359215E-17 3.663480497419625E-17 1.4411793725777911E-16 0.0 2.8115663614029906E-17 1.4447446746253793E-17 0.0 2.0064614939104407E-17 2.299856872666573E-17 1.5083912555601526E-16 0.0 6.764448463895457E-18 0.0 
0.409314669503027 0.0 5.327890679986598E-17 0.0 0.0 0.0 1.1528750275833104E-16 4.519689696234967E-17 4.5337714643795854E-17 3.553535237379274E-17 2.184084438280649E-17 1.128998734499135E-16 1.4421563771744813E-17 3.927013046687581E-17 0.0 6.912178565619294E-18 1.1189226784745949E-13 4.313361842359215E-17 3.663480497419625E-17 3.309563479526346E-17 0.0 2.8115663614029906E-17 1.4447446746253793E-17 2.344365510637921E-16 2.0064614939104407E-17 2.299856872666573E-17 1.5083912555601526E-16 0.0 6.764448463895457E-18 0.0 
0.08300107200437995 0.0 5.327890679986598E-17 0.0 0.0 0.0 1.1528750275833104E-16 4.519689696234967E-17 4.5337714643795854E-17 3.553535237379274E-17 2.184084438280649E-17 1.128998734499135E-16 1.4421563771744813E-17 3.927013046687581E-17 0.0 4.162228553030825E-17 7.242064339276255E-17 4.313361842359215E-17 3.663480497419625E-17 3.309563479526346E-17 0.0 2.8115663614029906E-17 1.4447446746253793E-17 7.955747727756106E-17 2.0064614939104407E-17 2.299856872666573E-17 1.5083912555601526E-16 0.0 6.764448463895457E-18 0.0 
0.182229286181374 0.0 5.327890679986598E-17 0.0 0.0 0.0 4.2652002958153894E-18 4.519689696234967E-17 4.5337714643795854E-17 3.553535237379274E-17 2.184084438280649E-17 1.128998734499135E-16 1.4421563771744813E-17 3.927013046687581E-17 0.0 6.912178565619294E-18 7.242064339276255E-17 4.313361842359215E-17 3.663480497419625E-17 3.309563479526346E-17 0.0 2.8115663614029906E-17 1.4447446746253793E-17 0.0 2.0064614939104407E-17 2.299856872666573E-17 1.5083912555601526E-16 0.0 6.764448463895457E-18 7.004328331039962E-17 
0.8263703890819113 0.0 9.577245833663273E-14 0.0 0.0 1.365825873694686E-7 8.228988690128512E-16 5.5403842194259625E-12 4.5337714643795854E-17 3.553535237379274E-17 2.184084438280649E-17 1.128998734499135E-16 1.4421563771744813E-17 3.927013046687581E-17 4.1728315846932596E-13 1.1249320473857208E-15 7.242064339276255E-17 4.313361842359215E-17 3.663480497419625E-17 1.969267904875898E-14 2.4472161162944715E-14 1.1628321339715482E-8 1.4447446746253793E-17 2.8974234038966336E-9 9.04204117137825E-16 2.299856872666573E-17 1.5083912555601526E-16 0.0 6.764448463895457E-18 7.004328331039962E-17 
0.24594701383819384 2.6617876091706663E-14 4.577095473584671E-16 2.9922100655032135E-11 5.043821356075918E-16 8.991220729555146E-14 5.6519301652382E-16 1.0468600401795253E-10 2.4498567530200057E-12 2.4077229397718887E-10 1.5713398885309105E-6 1.953046371044632E-7 4.308823474149931E-4 3.927013046687581E-17 7.273318988461297E-13 1.186083347861952E-7 4.3365420191944866E-14 4.302007689981671E-7 1.7553406905259822E-15 3.309563479526346E-17 1.5388363453925336E-12 1.2219961628176681E-12 2.08836642403031E-9 7.888203291678212E-12 1.1542804956344355E-12 2.299856872666573E-17 1.3119278472995897E-11 2.525004006552777E-14 1.9326738964724796E-14 1.8249116396788118E-12 
0.19388980991820282 0.0 5.327890679986598E-17 2.843515545867912E-16 0.0 1.5505573108908645E-11 4.2652002958153894E-18 5.934575551273693E-15 8.706620232476262E-16 3.553535237379274E-17 2.1378200622154226E-14 1.128998734499135E-16 1.4421563771744813E-17 2.8347019339661822E-14 2.293194515020129E-16 4.162228553030825E-17 7.242064339276255E-17 1.6028626995821874E-17 3.663480497419625E-17 4.893481669147813E-12 0.0 2.1331319608145592E-13 1.2081866549252738E-15 7.955747727756106E-17 5.3468393235327284E-14 2.299856872666573E-17 1.5083912555601526E-16 0.0 6.764448463895457E-18 1.3054618546778508E-12 
0.18816204366846045 0.0 5.327890679986598E-17 5.227873300986543E-12 1.6202251304339358E-16 0.0 4.2652002958153894E-18 1.6087650804013318E-8 4.5337714643795854E-17 6.399047211787645E-14 4.49214934860821E-7 1.556807765539244E-11 1.172998777806424E-5 3.927013046687581E-17 2.5852050414870566E-15 1.3692835573558768E-14 1.138531334333151E-13 4.313361842359215E-17 3.800103985368758E-12 1.9931452318406867E-16 0.0 4.495660170606982E-11 1.4447446746253793E-17 7.955747727756106E-17 8.862848863274708E-13 2.299856872666573E-17 1.5083912555601526E-16 0.0018252198014895877 6.764448463895457E-18 1.0068008863726387E-14 
0.2362218133439562 2.2099249421030744E-8 5.327890679986598E-17 1.3204851126540189E-5 0.0 9.447018242114552E-9 2.555546132728275E-15 2.8273209023843245E-13 6.777639460138178E-12 9.419737345901084E-12 6.023611437662147E-7 2.3316035200527336E-6 1.4421563771744813E-17 3.927013046687581E-17 4.190963471620217E-13 1.774682478880412E-8 5.90062483408815E-16 1.2643974725789376E-11 1.7576104425864806E-11 1.4980789731160974E-13 0.0 3.576894438716912E-7 5.6354281871195055E-9 2.7626649478134707E-12 1.0660752148973777E-12 0.003689170192632397 8.640216039271585E-17 0.0 1.718230904168995E-13 5.47028950276039E-13 
0.2021945819132398 2.9511982280687516E-15 5.327890679986598E-17 1.6106596916633856E-14 0.0 1.5505573108908645E-11 4.2652002958153894E-18 1.8292270401667234E-13 8.706620232476262E-16 3.553535237379274E-17 2.013646769188895E-14 1.128998734499135E-16 1.4421563771744813E-17 2.8347019339661822E-14 2.293194515020129E-16 4.162228553030825E-17 7.242064339276255E-17 1.2485663449424216E-14 3.663480497419625E-17 4.930241434911301E-12 0.0 2.1331319608145592E-13 1.2081866549252738E-15 0.0 5.3468393235327284E-14 2.299856872666573E-17 1.5083912555601526E-16 0.0 6.764448463895457E-18 9.161836290323351E-11 
0.4149771105041419 8.866073642597502E-9 8.166142400610799E-14 1.4335741921474617E-11 2.636533615357501E-16 1.6397001983662592E-11 7.160262332091175E-16 1.881071546900597E-12 7.4415749629938336E-9 6.221277033653015E-10 3.9466073693213163E-16 6.843877394955703E-8 1.4421563771744813E-17 3.927013046687581E-17 1.0702266732923267E-11 2.5592125766452555E-13 2.9245432930866133E-15 5.457081835018611E-13 3.663480497419625E-17 3.953575022145278E-12 0.0 1.342329596877386E-12 1.1118046624360791E-7 1.0145900117168102E-13 7.1832792058802444E-12 2.299856872666573E-17 1.5083912555601526E-16 0.0 3.687336449727691E-15 5.422062629690341E-13 
0.8245129404271038 0.0 5.327890679986598E-17 0.0 0.0 6.859012339691498E-11 4.2652002958153894E-18 4.519689696234967E-17 4.5337714643795854E-17 3.553535237379274E-17 2.184084438280649E-17 1.128998734499135E-16 1.4421563771744813E-17 3.927013046687581E-17 0.0 4.162228553030825E-17 2.6673911378942102E-5 4.313361842359215E-17 3.663480497419625E-17 1.4411793725777911E-16 0.0 1.641635992882209E-12 1.4447446746253793E-17 7.955747727756106E-17 1.5768105884673761E-10 2.299856872666573E-17 3.9816823093499605E-17 0.0 6.764448463895457E-18 0.0 
0.6217229449109649 1.7377244742293917E-14 2.7723289760770224E-10 6.101343998005717E-10 1.3441641573435773E-13 0.0 1.4115085738953991E-14 4.985279994447618E-10 3.2297304451273174E-14 7.809850798971507E-9 2.184084438280649E-17 3.498277263398974E-8 5.172124339396873E-16 8.524979866893856E-15 2.3356747284375697E-15 1.3966358946816584E-5 7.242064339276255E-17 1.0053165084567295E-5 1.898651002461587E-15 1.5049814592843506E-14 2.2500192924221058E-14 4.453632264498624E-12 1.4447446746253793E-17 1.811920445183443E-14 3.411221616413315E-13 4.230805570619472E-14 1.5083912555601526E-16 0.0 6.764448463895457E-18 5.393623180429098E-8 
0.8298037460998933 0.0 5.327890679986598E-17 0.0 0.0 0.0 1.1528750275833104E-16 4.519689696234967E-17 4.5337714643795854E-17 3.553535237379274E-17 2.70419320452028E-15 1.128998734499135E-16 1.4421563771744813E-17 3.927013046687581E-17 0.0 6.912178565619294E-18 1.130981653620518E-13 4.313361842359215E-17 3.663480497419625E-17 1.9931452318406867E-16 0.0 2.8115663614029906E-17 1.4447446746253793E-17 2.344365510637921E-16 2.0064614939104407E-17 2.299856872666573E-17 1.5083912555601526E-16 0.0 6.764448463895457E-18 0.0 
0.6241368951899917 0.0 9.204375392392786E-16 6.053608642100293E-6 0.0 5.135411162591613E-6 4.2652002958153894E-18 1.8516977042527903E-14 4.5337714643795854E-17 8.01311916510349E-12 4.360065326035229E-5 3.849283099988093E-9 1.4421563771744813E-17 3.927013046687581E-17 5.022673609535412E-12 1.8959735229973357E-10 1.8158912237177874E-14 1.121712391372542E-9 4.382398068680565E-15 1.7811013580130698E-13 1.1140594251145188E-14 3.175931946033102E-7 1.4447446746253793E-17 0.0 7.062144829972624E-12 2.299856872666573E-17 4.791561210826883E-16 0.0 4.216416874637516E-14 1.5004237080194368E-13 
0.8324064529282461 6.829283853889026E-6 4.577095473584671E-16 3.008793697433759E-11 5.043821356075918E-16 3.379192984269671E-14 5.3037473800525004E-14 1.1536747957717413E-13 4.657155282958337E-11 4.199483187836096E-9 1.5057670362081735E-4 2.9995707783250984E-8 1.4421563771744813E-17 3.927013046687581E-17 2.3750640338606122E-14 1.1506779964954764E-12 2.7862230029827058E-12 3.020338728463804E-7 0.02376106970601825 2.9203352212639458E-15 3.5503329331074526E-11 1.8829256127471697E-11 3.1787080273403626E-6 1.2673513830254277E-10 1.1193082811593502E-12 3.6996610901273494E-15 8.784482862013687E-10 0.0 1.104504193529921E-14 1.4113331486963943E-9 
0.6387667450463059 9.102242582235358E-16 5.327890679986598E-17 1.4161473026290115E-9 2.0974249423361713E-15 8.492257268042163E-14 3.902789556758899E-14 8.558484181303213E-11 1.342873923993802E-14 7.636396725121569E-13 2.6144675563970116E-15 5.006242875241609E-10 1.4421563771744813E-17 1.4982759598992026E-12 1.0974222325199325E-14 3.384496222009703E-14 1.1855629271991874E-13 2.3332984642111594E-15 3.663480497419625E-17 6.107327757273993E-11 6.017693227060158E-16 6.940087364692555E-13 8.939813112906368E-4 9.063607379516082E-11 1.7828084076498326E-13 2.299856872666573E-17 8.447150688761881E-16 0.0 3.68310788547523E-14 7.334509361380939E-13 
0.006773926281834944 0.0 2.742968647382685E-14 1.2510265472101718E-4 0.0 5.135411162591613E-6 4.2652002958153894E-18 4.519689696234967E-17 4.5337714643795854E-17 8.298900465923438E-12 4.360065326035229E-5 3.849283099988093E-9 1.4421563771744813E-17 3.927013046687581E-17 5.081260509559373E-12 1.0695723789865694E-8 2.0230243636971183E-12 3.673475417127434E-8 3.663480497419625E-17 1.7811013580130698E-13 5.797798641970723E-17 3.2607744062225E-7 1.4447446746253793E-17 0.0 6.9093100801175324E-12 2.299856872666573E-17 1.5083912555601526E-16 0.0 2.4461056005451284E-14 1.5089373636755108E-13 
0.6209730708948369 0.0 5.695696351063102E-4 1.7743875494439392E-6 0.0 5.486028064662505E-14 4.2652002958153894E-18 4.519689696234967E-17 4.5337714643795854E-17 3.553535237379274E-17 2.184084438280649E-17 8.150634362269425E-11 1.4421563771744813E-17 3.927013046687581E-17 3.1887906504901936E-16 4.162228553030825E-17 1.0516082173654322E-13 4.901550865682836E-13 3.663480497419625E-17 3.309563479526346E-17 0.0 2.6862312213782853E-11 0.0036943208159974025 8.271758219553039E-17 1.726694272932137E-14 2.299856872666573E-17 1.5083912555601526E-16 0.02719004490952104 2.808399982296851E-15 0.0 
0.031611673749698976 2.4284104462144224E-8 2.5204184828453885E-16 1.4363466596377024E-7 1.6372955386914326E-8 1.691383486055252E-4 4.220779628880301E-14 9.31813191425981E-6 4.0185618905410105E-8 1.4535652687929445E-11 8.016112817471113E-11 2.759918984725474E-13 1.4421563771744813E-17 3.526462006531309E-16 2.293194515020129E-16 3.4611797554624413E-15 7.242064339276255E-17 4.313361842359215E-17 1.2575808610329618E-8 5.408523140232947E-12 1.7752898552792817E-15 1.5193672536442375E-9 3.302609491053829E-7 4.67218792590074E-4 2.9889612215187483E-9 2.299856872666573E-17 1.5083912555601526E-16 5.983132332588365E-6 7.895483884642902E-9 6.543368413359597E-9 
0.20594189313340294 0.0 6.4762976305215195E-15 1.8507938322273188E-10 0.0 4.362103273652578E-11 3.768432125402988E-16 3.1234191963682007E-13 4.5337714643795854E-17 4.439673771335184E-14 1.561398681265739E-16 3.786933883714324E-11 1.4421563771744813E-17 3.927013046687581E-17 0.0 6.912178565619294E-18 3.4828272009014506E-15 1.1224015732804952E-11 3.663480497419625E-17 3.309563479526346E-17 0.0 1.7545590020438425E-12 1.4447446746253793E-17 7.955747727756106E-17 3.8392415366256066E-11 2.299856872666573E-17 1.866776316169267E-13 0.0 7.360535646218689E-16 3.2222879431537295E-15 
0.43374949473886815 0.0 5.327890679986598E-17 0.0 0.0 6.000971934916042E-13 6.007556392531437E-14 5.23022231477815E-12 2.289067057116556E-12 3.553535237379274E-17 2.3476366199265762E-15 4.425053326828462E-10 1.4421563771744813E-17 3.927013046687581E-17 0.0 3.7324470914251875E-15 1.130981653620518E-13 4.313361842359215E-17 3.663480497419625E-17 1.4411793725777911E-16 0.0 2.8115663614029906E-17 1.2081866549252738E-15 2.776309914443021E-12 2.0064614939104407E-17 2.299856872666573E-17 1.5083912555601526E-16 0.0 6.764448463895457E-18 0.0 
0.0638502959861833 1.189556336136386E-5 7.06452388894193E-13 2.2511757890274014E-8 2.0823512693186074E-15 7.523644938527902E-11 8.5522963698375E-14 4.090532035751165E-12 2.617152092114437E-6 1.6235127077014985E-9 2.1750298555838133E-14 2.378376318616822E-6 1.4421563771744813E-17 1.469208795310262E-12 3.6292295068986693E-14 3.343724652025221E-14 1.2087132621887267E-13 3.378601952503706E-13 3.663480497419625E-17 3.953575022145278E-12 6.017693227060158E-16 6.327067637550521E-13 6.42362449245011E-5 2.641450095482444E-12 6.8189826947381196E-12 2.299856872666573E-17 8.447150688761881E-16 0.0 1.718230904168995E-13 5.452553623171887E-13 
0.8441624125715553 0.0 7.955236980957753E-9 1.2190107244175915E-7 0.0 3.951715514364173E-5 3.768432125402988E-16 5.576935731214887E-12 6.452050732261528E-12 1.622816978968716E-12 1.9302915066550714E-12 9.34570343026745E-13 5.995121790457055E-4 2.338876983836997E-15 1.644363306054034E-14 6.912178565619294E-18 7.242064339276255E-17 1.7513136670330848E-5 3.663480497419625E-17 5.243359421914726E-12 3.1921818291866362E-12 9.468265742071378E-14 1.4447446746253793E-17 3.171620077090129E-9 4.847044400962597E-13 2.299856872666573E-17 1.5083912555601526E-16 0.0 5.059719347247754E-18 3.0186657502777243E-12 
0.0012336417121494997 0.0 2.6738678140263956E-14 1.4456228023866833E-5 0.0 0.0 4.2652002958153894E-18 4.519689696234967E-17 4.5337714643795854E-17 3.1591938106379807E-12 2.184084438280649E-17 1.002222229114964E-13 1.4421563771744813E-17 3.927013046687581E-17 4.762447661642038E-12 2.656719869506178E-13 2.1389145816912898E-12 4.313361842359215E-17 3.663480497419625E-17 1.4411793725777911E-16 0.0 2.8115663614029906E-17 5.107309964968449E-15 0.0 7.147067883589075E-12 2.299856872666573E-17 1.5083912555601526E-16 0.0 1.3263399155842448E-12 3.454739406929091E-11 
0.2225427360843913 1.112434391512601E-10 5.327890679986598E-17 1.970158523247849E-12 5.2396972155432835E-14 2.407027433466205E-11 2.0468880284907055E-16 1.3185140112256986E-10 1.0002348583172894E-12 3.553535237379274E-17 5.494813158788809E-4 2.3449124368498095E-12 1.4421563771744813E-17 3.090729703805295E-18 3.728202915607035E-13 7.727544645250487E-13 1.4337328034912873E-14 7.643732324675022E-13 3.663480497419625E-17 5.221015462080671E-12 0.0 2.812204041127595E-14 1.4447446746253793E-17 1.0185722732678858E-11 2.0064614939104407E-17 2.299856872666573E-17 1.5083912555601526E-16 0.0 6.764448463895457E-18 0.0 
0.21514957408568158 1.189851199755961E-11 1.3955338999320118E-13 1.7110600815108E-14 2.1431772084357773E-10 0.0017447326053446816 3.71598554698392E-12 1.8326637342011256E-7 4.090334775238261E-8 1.6188970080653765E-9 0.013676029614868478 3.262284143995874E-10 9.509128684194373E-11 1.229668523473559E-13 7.193303858988403E-15 6.38067178122054E-14 7.71616089831301E-15 3.678182933035605E-12 7.079542326929635E-10 3.309563479526346E-17 2.163098488717114E-14 4.256300069126662E-6 6.508340557829572E-9 3.7778492610373424E-16 1.537851546836468E-8 1.656557678584959E-10 1.5083912555601526E-16 0.0 1.0900225847701318E-13 7.027670280785363E-12 
0.6356097758712794 7.712243649922599E-11 5.327890679986598E-17 3.434557442059661E-12 6.154044380701075E-16 4.1954296352921606E-10 7.784253174785736E-13 4.49802481619973E-11 1.6654927036863244E-9 3.553535237379274E-17 2.797296053225235E-14 7.594389402507912E-12 1.7869289655370342E-13 2.323152607155666E-5 7.754575553786371E-15 8.712224581732663E-7 2.6324842416081805E-12 2.3332984642111594E-15 3.663480497419625E-17 6.034973530930595E-11 4.907470202435001E-16 1.0504711776354996E-15 4.7277208908708124E-5 0.0 3.373589987229636E-11 2.299856872666573E-17 8.447150688761881E-16 0.0 1.1832689128556358E-14 1.1931315650742227E-10 
0.4176363369691555 5.497407047043225E-12 5.327890679986598E-17 1.87635387829247E-12 0.0 2.197914283599452E-8 2.0745669682652766E-15 2.0455569415270487E-12 7.918770518104993E-7 3.3397254202603655E-15 3.938651162459223E-9 3.3377240778891387E-13 5.1290356140367884E-17 2.5292466863729806E-5 8.412412580732873E-13 8.37090695805565E-14 6.322774823574048E-14 4.313361842359215E-17 3.663480497419625E-17 1.4411793725777911E-16 1.1629863311390178E-13 6.592060254194125E-8 1.4447446746253793E-17 8.271758219553039E-17 6.386237570215646E-10 2.299856872666573E-17 1.5083912555601526E-16 0.0 3.81096166049972E-15 6.9787065006383385E-9 
0.8396142783193811 0.11794902929800088 8.074982046933136E-9 1.5670605573894248E-9 0.0 1.597007657462632E-8 3.768432125402988E-16 4.519689696234967E-17 4.5337714643795854E-17 1.6339195122012637E-12 2.184084438280649E-17 1.128998734499135E-16 5.870053432553952E-4 3.927013046687581E-17 0.0 3.276731137862999E-15 7.242064339276255E-17 0.012583918700320931 3.663480497419625E-17 3.309563479526346E-17 0.05210811315741978 2.8115663614029906E-17 1.4447446746253793E-17 1.9085672584981093E-13 1.0532145508461059E-14 2.299856872666573E-17 1.5083912555601526E-16 0.0 3.687336449727691E-15 1.0585940918284134E-14 
0.6267320138370269 8.486252054058457E-15 5.327890679986598E-17 0.0 2.0974249423361713E-15 1.2028303830836914E-10 7.506170848664918E-14 9.191668732971548E-14 3.857073020659737E-7 8.913699500938942E-11 2.0461970473027904E-8 3.8728463654097734E-9 1.2486913652822192E-14 1.3872628198331447E-15 1.2725989780154266E-12 1.1249320473857208E-15 5.90062483408815E-16 1.5907536774293324E-5 3.663480497419625E-17 3.309563479526346E-17 1.7472555501736275E-11 2.5030985654441416E-4 4.090201499860767E-5 8.271758219553039E-17 7.61368263664535E-14 2.299856872666573E-17 7.979860683407628E-15 0.0 6.764448463895457E-18 5.8093935180804326E-9 
0.8287720051384161 7.765580372830617E-12 1.945239638713405E-15 6.812148687899575E-4 2.3693330962132794E-14 5.198728670447007E-13 4.48211297056994E-12 9.741109211934304E-13 4.512236285311531E-11 3.4138419543307066E-7 2.7352663489535828E-14 0.0013075961458586024 5.3873724687855824E-14 9.213706277486715E-16 1.3018245835655741E-14 1.1495419739947052E-12 7.242064339276255E-17 1.0884559285249145E-5 3.663480497419625E-17 3.309563479526346E-17 0.0 8.371229830137243E-9 1.4447446746253793E-17 2.1652369635102214E-12 3.005564543865756E-11 2.299856872666573E-17 1.5083912555601526E-16 1.0924133749018556E-15 1.104504193529921E-14 5.161521851373705E-8 
0.024831840000021782 2.020797122092441E-12 5.327890679986598E-17 2.2309919108876467E-9 0.0 4.406967039050026E-14 3.884927824721508E-14 3.844024144351975E-10 2.0350855960488486E-11 1.543304835172137E-15 1.8921819415466013E-7 2.147764258065606E-8 7.434959534200925E-17 3.927013046687581E-17 3.141528290917539E-11 1.957613022124538E-13 2.283534837862319E-13 4.313361842359215E-17 5.460965847447715E-12 3.309563479526346E-17 0.0 7.906317899052332E-5 1.4447446746253793E-17 9.07326060986874E-11 2.0064614939104407E-17 2.299856872666573E-17 4.403828429581461E-16 0.0 1.8667960604777864E-12 7.143693927231695E-13 
0.44193053768910523 7.914178245783881E-14 9.384404605886149E-14 7.059570255744028E-12 2.855766153788693E-10 1.8715427567509704E-6 5.46976610262431E-14 5.030058404339069E-12 4.977880544008E-11 1.6004050022523015E-9 2.184084438280649E-17 3.857483450245162E-13 1.4421563771744813E-17 3.927013046687581E-17 1.7984257114217345E-13 1.1463996871202904E-13 5.292601995622778E-12 1.0490728311243064E-6 3.3423235646754883E-10 8.044460864736275E-16 1.4564875694987072E-14 9.643216298374665E-12 6.3828804909118675E-9 1.1765377719950837E-5 6.299998187751959E-10 3.8204530602491225E-15 1.5083912555601526E-16 1.8015829186831046E-9 1.915594663119788E-15 6.416618481461484E-9 
0.18542975581165577 0.0 5.327890679986598E-17 1.359344917660268E-5 0.0 2.5555379973305487E-6 4.2652002958153894E-18 4.519689696234967E-17 3.7113419964843177E-9 1.0669972441562051E-5 2.635918431314854E-8 3.414876832116551E-9 9.09544841888112E-14 1.3872628198331447E-15 0.0 9.135665199325855E-7 5.877639315044311E-14 2.8920043554162265E-5 3.663480497419625E-17 3.9082901883264905E-13 0.0 3.341149808378939E-7 1.4447446746253793E-17 0.0 1.9886747646019562E-13 2.299856872666573E-17 1.5083912555601526E-16 1.000642802191478E-13 6.764448463895457E-18 1.280261992502723E-13 
0.6343460897934144 0.0 5.327890679986598E-17 3.008793697433759E-11 5.043821356075918E-16 3.379192984269671E-14 1.494161296953448E-15 1.1503564237817898E-13 9.795370575998548E-15 3.553535237379274E-17 2.184084438280649E-17 2.9995707783250984E-8 1.4421563771744813E-17 2.7869395776358984E-14 3.972768682888212E-12 1.1859589246043206E-13 2.2420749551777032E-15 3.0311155761360285E-7 3.663480497419625E-17 3.309563479526346E-17 9.133152278088649E-11 3.2265967410694727E-12 4.572233979971099E-8 7.955747727756106E-17 1.081743603718217E-12 2.299856872666573E-17 8.784482862013687E-10 0.0 6.764448463895457E-18 1.3113376319987302E-11 
0.4114456495559599 0.0 2.6738678140263956E-14 6.698420777488854E-6 1.8057100439960032E-15 0.0 4.2652002958153894E-18 2.469408112161335E-13 4.0702383953359344E-7 3.1591938106379807E-12 2.184084438280649E-17 1.002222229114964E-13 1.4421563771744813E-17 3.927013046687581E-17 2.0980161941581385E-13 2.656719869506178E-13 8.891895664098036E-14 4.313361842359215E-17 3.663480497419625E-17 3.343406420336341E-14 0.0 6.933892457124092E-14 6.386654106548177E-5 0.0 7.147067883589075E-12 2.299856872666573E-17 8.640216039271585E-17 0.0 2.2612123324914706E-13 3.313838085541262E-11 
0.04202806252693561 1.1751163041245687E-9 1.915944897295914E-10 1.968055298034011E-10 3.3415376740512274E-16 6.714368556590568E-14 4.2652002958153894E-18 1.8848156767576165E-13 4.5337714643795854E-17 3.553535237379274E-17 1.0328201319641154E-15 2.6120198922597407E-8 1.4421563771744813E-17 3.927013046687581E-17 4.4075989995615324E-16 9.577324075983282E-15 4.018350042136801E-14 2.755090963283289E-15 3.663480497419625E-17 1.4411793725777911E-16 0.0 3.233221241983332E-7 1.6548829455157138E-8 9.4467305928079E-15 2.731722182399821E-11 7.136800482662323E-13 1.5083912555601526E-16 3.925499462816935E-15 3.679935308852818E-14 1.8624866326682795E-6 
0.22750210466864731 1.0356872107432766E-8 1.0987097961890504E-11 0.0 1.809894390256631E-13 1.0213696786892864E-11 4.2652002958153894E-18 9.874905887959727E-10 9.218596437862389E-5 1.4509530876448727E-13 2.3656888658456714E-8 4.775412497704892E-8 1.4421563771744813E-17 3.927013046687581E-17 0.0 7.760908151903539E-16 7.242064339276255E-17 9.622178875193558E-8 3.663480497419625E-17 4.163480778582124E-13 8.816478986971358E-14 6.424858746428203E-8 1.4447446746253793E-17 1.329030365861939E-11 2.0064614939104407E-17 5.114772095179238E-16 2.6709656573213295E-9 0.0 5.611496670945585E-7 8.710159476194681E-9 
0.8412697981865942 7.765580372830617E-12 1.945239638713405E-15 6.751252020110359E-4 6.120798763870335E-13 5.198728670447007E-13 4.48211297056994E-12 9.644943607460337E-13 1.6066884852846018E-9 3.4138419543307066E-7 2.7352663489535828E-14 0.03063076702217682 1.7625033995985532E-11 9.213706277486715E-16 3.47610908971754E-13 1.1495419739947052E-12 7.242064339276255E-17 1.038183090281699E-5 3.663480497419625E-17 3.309563479526346E-17 0.0 8.337494896279703E-9 1.4447446746253793E-17 2.1652369635102214E-12 3.005564543865756E-11 2.299856872666573E-17 1.5083912555601526E-16 1.0924133749018556E-15 1.1832689128556358E-14 5.161521851373705E-8 
0.43888021571282965 5.675484309205656E-15 1.4775553233488616E-16 3.204679826908768E-10 0.0 3.8211544197414055E-13 1.8063626848209372E-12 1.0920987927209269E-13 1.8474363399537761E-9 9.7966051229069E-16 1.2744902039091329E-5 2.1830523324715905E-7 1.2295483874020162E-14 4.974114926580653E-15 1.0555003505611087E-11 3.149664328882853E-13 2.2114885419898507E-10 1.241704428347363E-7 3.663480497419625E-17 9.578631675787362E-13 7.343032387175808E-13 5.729992465419706E-11 1.4447446746253793E-17 1.1003721629115763E-13 1.3933896249407274E-8 1.3168365496580999E-12 2.9116051045154265E-10 0.0 2.1907523571124393E-15 7.480057251718055E-11 
0.42336155792282953 0.0 1.0189479798722203E-5 1.4717603808521082E-13 0.0 7.506658343213852E-10 4.2652002958153894E-18 4.519689696234967E-17 4.696899371055378E-11 1.2953709379422487E-4 2.184084438280649E-17 5.312634272743744E-11 1.4421563771744813E-17 3.927013046687581E-17 0.0 1.1249320473857208E-15 7.242064339276255E-17 1.290398176389412E-5 8.314366607422294E-12 2.0018372222465095E-14 0.0 8.675488169787832E-15 3.2000823522514856E-16 5.540733237611348E-12 5.83783372966469E-12 2.299856872666573E-17 1.5083912555601526E-16 0.0 1.915594663119788E-15 4.1689630165738515E-11 
0.21937558854370887 2.7086743082788566E-11 1.4775553233488616E-16 1.338296667375906E-8 3.8130653521049466E-13 4.443253016754995E-16 4.1060358821753934E-14 6.73976407981825E-14 2.7029739578265003E-10 1.1475357153370858E-12 2.5243654073394718E-5 5.188515889617306E-9 1.4728333479219874E-16 4.974114926580653E-15 2.6600546381911474E-12 4.643596582735412E-12 4.618731550877642E-15 4.313361842359215E-17 1.7553406905259822E-15 1.1615388835111019E-11 6.356447356669613E-14 3.3692770252568486E-7 2.2204853078296378E-9 8.807566207185603E-11 2.0064614939104407E-17 1.3657100558050298E-12 1.5083912555601526E-16 1.6806390325739196E-16 7.3412327084591004E-9 2.622280325207398E-10 
0.19869122630522934 8.909874921039431E-9 5.327890679986598E-17 1.6106596916633856E-14 0.0 1.555623341214949E-11 4.2652002958153894E-18 1.9389555298648567E-12 8.706620232476262E-16 3.553535237379274E-17 4.901043675884978E-16 7.079981584425624E-8 1.4421563771744813E-17 2.6297129803040748E-14 1.0544272492365295E-11 1.3488084517234278E-14 7.242064339276255E-17 1.2485663449424216E-14 3.663480497419625E-17 4.930241434911301E-12 0.0 1.983586649300534E-13 1.1669867767863957E-7 0.0 5.3468393235327284E-14 2.299856872666573E-17 1.5083912555601526E-16 0.0 3.687336449727691E-15 1.5333081237580168E-12 
0.6252348889578982 1.821237080426462E-14 5.327890679986598E-17 4.819103054424757E-12 3.4895340238355706E-14 8.05682268576543E-14 3.768432125402988E-16 5.302542097677039E-11 1.8004823356034716E-10 3.794628125095457E-8 2.109541787026757E-15 2.2450064588882733E-6 1.4421563771744813E-17 1.7162494132104268E-15 0.0 9.143832464380111E-15 2.4218248983957475E-15 1.6531159214405536E-7 1.0071734812965675E-13 1.4411793725777911E-16 0.0024046077873498203 1.12121401749074E-9 1.4447446746253793E-17 1.4928666787338773E-10 5.061807168574687E-12 0.0 8.447150688761881E-16 0.0 6.764448463895457E-18 1.70532724495203E-6 
0.01099931865250818 0.0 5.327890679986598E-17 2.6249133074769763E-6 1.6202251304339358E-16 0.0 4.2652002958153894E-18 6.64807580407066E-11 4.5337714643795854E-17 6.399047211787645E-14 4.388850553965717E-5 1.852776451675743E-11 4.950159425804064E-7 3.927013046687581E-17 2.4994085922858085E-15 1.136136722184594E-14 1.138531334333151E-13 1.591465820933081E-11 9.818522717142987E-4 3.309563479526346E-17 5.797798641970723E-17 8.271621524303268E-9 1.4447446746253793E-17 7.955747727756106E-17 6.759749107998659E-12 2.299856872666573E-17 1.5083912555601526E-16 0.0018252198014895877 2.4655772201590183E-14 1.509046413221407E-13 
0.22530914547708547 0.0 5.327890679986598E-17 0.0 0.0 1.1791667733854637E-12 8.211316019527804E-14 4.519689696234967E-17 4.5337714643795854E-17 3.553535237379274E-17 2.184084438280649E-17 1.128998734499135E-16 1.4421563771744813E-17 3.090729703805295E-18 5.9315575305533845E-15 4.162228553030825E-17 8.733198481362042E-14 4.313361842359215E-17 3.663480497419625E-17 2.6603481577695696E-14 7.235212449948536E-16 3.764362157403535E-11 1.4447446746253793E-17 7.955747727756106E-17 2.0064614939104407E-17 2.299856872666573E-17 1.5083912555601526E-16 0.0 6.764448463895457E-18 0.0 
0.4282577637946763 1.0008310620151297E-7 5.327890679986598E-17 8.710736982534703E-8 6.974042564043782E-16 5.18894612432932E-9 1.1528750275833104E-16 3.852493835333791E-11 9.87089999441623E-9 4.183035156904122E-8 1.2339623304676907E-5 1.3448079073214535E-8 1.1684506337071657E-14 3.927013046687581E-17 2.9216753472211884E-16 9.044206583887809E-7 7.242064339276255E-17 2.782762909655373E-5 7.660393944431645E-14 1.0899530269158989E-12 7.107804281312619E-16 1.6913498034728557E-9 6.79104096216716E-6 0.0 2.0919989851340488E-13 2.299856872666573E-17 7.979860683407628E-15 0.0 6.764448463895457E-18 7.367208474674945E-11 
0.21773101413711238 1.233493227819537E-5 7.06452388894193E-13 2.2511757890274014E-8 3.714699989352713E-13 9.713820926489984E-13 8.5522963698375E-14 4.090532035751165E-12 2.5270585165906015E-6 5.863978454470406E-11 2.1750298555838133E-14 2.1520541634056445E-7 1.4728333479219874E-16 2.0930098053508865E-14 3.6292295068986693E-14 3.343724652025221E-14 1.26702984127071E-13 1.1383705296509723E-14 1.7553406905259822E-15 3.953575022145278E-12 1.5230965658534872E-15 6.327067637550521E-13 6.42362449245011E-5 9.052310600421107E-11 6.8189826947381196E-12 2.299856872666573E-17 1.5083912555601526E-16 1.6806390325739196E-16 9.116587772544776E-11 2.620773012890477E-10 
0.0049665822480517985 0.0 5.327890679986598E-17 0.0 0.0 0.0 4.2652002958153894E-18 4.519689696234967E-17 4.5337714643795854E-17 3.553535237379274E-17 2.70419320452028E-15 1.128998734499135E-16 1.4421563771744813E-17 3.927013046687581E-17 0.0 4.162228553030825E-17 1.130981653620518E-13 4.313361842359215E-17 3.663480497419625E-17 1.9931452318406867E-16 0.035098871032665735 2.8115663614029906E-17 1.4447446746253793E-17 0.0 2.0064614939104407E-17 2.299856872666573E-17 1.5083912555601526E-16 0.0 6.764448463895457E-18 0.0 
0.6186853957467568 2.533083653470654E-10 1.005620571448186E-10 1.152832087194119E-7 0.0 2.2472124670715665E-6 4.2652002958153894E-18 5.576935731214887E-12 6.452050732261528E-12 1.801073025017215E-14 1.9302915066550714E-12 8.52766903882615E-10 2.183330817934621E-5 3.927013046687581E-17 9.906690273626103E-12 6.912178565619294E-18 7.242064339276255E-17 5.553796111983792E-4 3.663480497419625E-17 5.243359421914726E-12 3.184383211978931E-12 1.2857461704435116E-12 1.4447446746253793E-17 1.378724169637237E-11 4.819522613033246E-13 2.299856872666573E-17 1.5083912555601526E-16 0.0 6.764448463895457E-18 5.563185395124872E-13 
0.05529894768366975 4.044484141804552E-8 6.330879300879983E-15 6.561342142481859E-4 7.61233226633095E-12 1.4873204323617258E-9 5.069348379116512E-12 3.0082193589820317E-15 4.766854542413303E-11 2.2941258952889783E-9 3.972466199364454E-5 7.693788775220701E-9 1.4421563771744813E-17 3.927013046687581E-17 1.7243591280705287E-15 4.3708999956931264E-9 4.12990944527961E-7 5.138219777843911E-9 3.663480497419625E-17 1.4411793725777911E-16 2.9478211156315128E-15 1.46955022816623E-11 1.1425221959454797E-10 7.955747727756106E-17 3.13701100664286E-11 2.4257649074383818E-15 1.5083912555601526E-16 0.03236649082291676 1.915594663119788E-15 2.6605157192236866E-11 
0.8344521694843244 0.0 1.945239638713405E-15 6.844960978471086E-4 0.0 0.0 4.2652002958153894E-18 4.519689696234967E-17 4.747919831820568E-11 3.5250938274607346E-7 2.184084438280649E-17 1.128998734499135E-16 1.4421563771744813E-17 3.927013046687581E-17 0.0 6.912178565619294E-18 7.242064339276255E-17 1.0669405029966887E-5 3.663480497419625E-17 2.748055055479935E-13 2.9478211156315128E-15 2.8115663614029906E-17 1.4447446746253793E-17 1.3352520488320432E-12 2.0064614939104407E-17 1.1925233947797424E-13 1.5083912555601526E-16 1.0924133749018556E-15 1.1011161521822241E-14 7.004328331039962E-17 
0.6433785338313625 0.0 5.327890679986598E-17 0.0 0.0 8.279211677659169E-10 1.1528750275833104E-16 4.519689696234967E-17 4.5337714643795854E-17 3.553535237379274E-17 2.184084438280649E-17 1.128998734499135E-16 0.0026030698981219934 0.022488344562745215 0.0 4.162228553030825E-17 2.512267117275543E-6 4.313361842359215E-17 3.663480497419625E-17 3.309563479526346E-17 0.0 2.8115663614029906E-17 1.4447446746253793E-17 7.955747727756106E-17 1.0283028424827835E-12 2.299856872666573E-17 1.5083912555601526E-16 0.0 6.764448463895457E-18 0.0 
0.42514007872835835 1.2815642539557426E-5 1.5721186738365633E-8 1.4361366693065147E-11 5.42089594394805E-16 5.181737479937973E-9 9.269043011346568E-14 3.7562590641699015E-11 5.765862408894676E-9 3.781392778180317E-8 2.758250282751439E-13 2.2851575146324486E-6 1.4421563771744813E-17 3.927013046687581E-17 4.230135853345409E-13 1.08265433377952E-14 5.90062483408815E-16 1.3359577330855673E-11 3.663480497419625E-17 7.593513372543835E-13 0.0 1.5492114206062402E-11 9.615079969564576E-7 2.7749983841790916E-12 1.0660752148973777E-12 4.721251529198878E-11 8.640216039271585E-17 0.0 6.270307841729577E-15 7.692513627060138E-8 
0.4322111481145585 0.0 5.327890679986598E-17 0.0 0.07391308442191846 5.80004513760396E-8 4.2652002958153894E-18 4.519689696234967E-17 4.5337714643795854E-17 3.553535237379274E-17 2.70419320452028E-15 1.128998734499135E-16 1.4421563771744813E-17 3.927013046687581E-17 0.0 6.912178565619294E-18 2.4877960790485758E-5 4.313361842359215E-17 3.663480497419625E-17 1.9931452318406867E-16 0.0 2.8115663614029906E-17 1.4447446746253793E-17 7.955747727756106E-17 5.857560629028198E-16 2.299856872666573E-17 1.5083912555601526E-16 0.0 6.764448463895457E-18 0.0 
0.42647056232503 2.1289526377772294E-10 5.327890679986598E-17 0.0 5.424542977120099E-14 1.0078628100208319E-11 2.0745669682652766E-15 4.016862723088242E-12 6.679970996125539E-13 3.3397254202603655E-15 2.184084438280649E-17 6.205161903617674E-5 5.1290356140367884E-17 3.927013046687581E-17 0.0 4.162228553030825E-17 7.242064339276255E-17 5.1620682471160325E-5 3.663480497419625E-17 1.4411793725777911E-16 0.0 6.886260347502791E-8 1.8457900059028446E-15 2.9272818648704327E-9 6.9531557055624235E-15 0.0 1.5083912555601526E-16 0.0 6.764448463895457E-18 1.9096379437498165E-7 
0.6414129994962672 8.486252054058457E-15 5.327890679986598E-17 6.5915137505089995E-6 0.0 0.0 3.768432125402988E-16 4.582087303001342E-17 4.5337714643795854E-17 3.553535237379274E-17 2.184084438280649E-17 4.745782781260512E-13 1.4421563771744813E-17 3.927013046687581E-17 1.9104676054368734E-12 4.162228553030825E-17 7.242064339276255E-17 4.313361842359215E-17 4.382398068680565E-15 3.309563479526346E-17 1.1278287746215024E-14 3.561940224635227E-16 1.4447446746253793E-17 0.011403764330960967 3.1628028003332743E-18 2.299856872666573E-17 1.5083912555601526E-16 0.0 4.219255389226899E-14 1.5301501269139897E-12 
0.04742861907279211 1.3621946964450723E-9 4.0687540857870885E-6 5.985596831435899E-9 1.3605841450721376E-13 8.586159802349245E-13 3.571618127803845E-12 3.493623378675816E-7 2.2623774632358289E-10 7.501477806312074E-9 5.628272593770009E-5 3.870692944936945E-8 9.622656803541786E-16 1.6990682827044878E-5 1.2149848706638272E-10 4.128520221288766E-7 1.272298716995317E-8 2.693379904362369E-15 1.2574343524933357E-15 1.4233770160353593E-13 3.5552876521875183E-16 3.273246127103027E-13 1.4447446746253793E-17 4.53393222190882E-12 1.1031303511591118E-14 5.242211265213542E-4 1.7520698019109105E-12 4.9911584182027014E-14 1.0488464209774148E-5 3.9533175646938884E-8 
0.8332381137106639 0.0 5.327890679986598E-17 5.107932809770716E-8 1.0980622466363223E-15 6.758688180004789E-10 4.2652002958153894E-18 1.844616999478125E-14 4.5337714643795854E-17 4.2325974935135773E-14 2.184084438280649E-17 7.998780858015275E-7 1.4421563771744813E-17 3.927013046687581E-17 5.060813601088763E-12 2.2117119483930457E-12 1.1657108679113605E-13 3.717459121876623E-9 3.663480497419625E-17 3.309563479526346E-17 1.0940020984961777E-14 2.569741896478776E-9 1.4447446746253793E-17 1.546545666082834E-10 1.1314478409001658E-13 2.299856872666573E-17 4.791561210826883E-16 0.0 2.808399982296851E-15 8.486288622241243E-14 
0.057315527892061124 5.4454054377115827E-14 1.0652018475236171E-6 2.180762250512758E-8 0.0 0.0 4.2652002958153894E-18 7.037969656425924E-8 4.5337714643795854E-17 2.075525207335592E-12 2.465571383467301E-15 4.3934593581197985E-10 1.4421563771744813E-17 3.927013046687581E-17 1.1144694939168414E-13 6.912178565619294E-18 8.496697238858723E-17 5.368949192849694E-8 3.663480497419625E-17 1.4411793725777911E-16 3.700611139482537E-16 3.365955534825623E-15 1.4447446746253793E-17 1.569596879056379E-10 2.0064614939104407E-17 5.367997367844263E-8 1.5083912555601526E-16 0.0 2.808399982296851E-15 1.91330882073186E-8 
0.23480414384938403 0.0 5.327890679986598E-17 1.9512133499729483E-8 0.0 0.0 3.5908096934485114E-12 4.8789607963757986E-11 6.858331730666882E-15 3.553535237379274E-17 2.184084438280649E-17 6.669206033403885E-14 1.4421563771744813E-17 3.927013046687581E-17 2.118066094975902E-14 1.211892634145075E-13 7.242064339276255E-17 3.0468449066189365E-7 3.663480497419625E-17 2.6961727622359143E-16 1.2289374545512765E-9 2.8115663614029906E-17 8.299913355009202E-7 0.0 1.0558206533448E-12 2.299856872666573E-17 1.5083912555601526E-16 0.0 6.764448463895457E-18 1.5843022329069114E-11 
0.02148428181311704 0.0 5.327890679986598E-17 0.0 0.0 0.0 4.2652002958153894E-18 4.519689696234967E-17 4.5337714643795854E-17 3.553535237379274E-17 2.70419320452028E-15 1.128998734499135E-16 1.4421563771744813E-17 3.927013046687581E-17 0.0 6.912178565619294E-18 1.130981653620518E-13 4.313361842359215E-17 3.663480497419625E-17 1.9931452318406867E-16 5.92105718873285E-16 2.8115663614029906E-17 1.4447446746253793E-17 2.344365510637921E-16 2.0064614939104407E-17 2.299856872666573E-17 1.5083912555601526E-16 0.0 6.764448463895457E-18 0.0 
0.03792568858790801 0.0 5.327890679986598E-17 0.0 0.0 0.0 1.1528750275833104E-16 4.519689696234967E-17 4.5337714643795854E-17 3.553535237379274E-17 2.184084438280649E-17 1.128998734499135E-16 1.4421563771744813E-17 3.927013046687581E-17 0.0 6.912178565619294E-18 1.1059549369301809E-13 4.313361842359215E-17 3.663480497419625E-17 3.309563479526346E-17 0.0 2.8115663614029906E-17 1.4447446746253793E-17 0.0 2.0064614939104407E-17 2.299856872666573E-17 1.5083912555601526E-16 0.0 6.764448463895457E-18 0.0 
0.41923680218812964 8.502547877629797E-9 7.357293838491502E-11 6.200487466001547E-5 2.636533615357501E-16 1.840049286248032E-6 5.554466465733971E-14 1.8465306058268696E-12 1.7225784508505877E-10 5.95766795736234E-10 3.9466073693213163E-16 6.875819416033294E-8 1.4421563771744813E-17 3.927013046687581E-17 2.916353378174765E-13 1.1390794170778194E-13 2.829759928268574E-10 1.0493238387614654E-6 3.663480497419625E-17 3.962017785793858E-12 0.0 1.011391188051341E-11 1.1118046624360791E-7 1.8036237078981458E-8 6.580699619274401E-10 2.299856872666573E-17 1.5083912555601526E-16 0.0 1.915594663119788E-15 3.0029893059134887E-12 
0.839902668318594 2.533083653470654E-10 8.038066951794929E-9 1.1493503372938651E-7 0.0 2.212863444754401E-6 3.768432125402988E-16 5.576935731214887E-12 6.452050732261528E-12 1.622816978968716E-12 1.9302915066550714E-12 8.52766903882615E-10 5.995121790457055E-4 3.927013046687581E-17 9.906690273626103E-12 3.276731137862999E-15 7.242064339276255E-17 0.012940803285699364 3.663480497419625E-17 5.243359421914726E-12 3.1921818291866362E-12 1.2857461704435116E-12 1.4447446746253793E-17 1.374998212818847E-11 4.847044400962597E-13 2.299856872666573E-17 1.5083912555601526E-16 0.0 3.687336449727691E-15 5.578968927152079E-13 
0.20883651293355388 0.0 2.742968647382685E-14 1.437972061900245E-6 0.0 5.135411162591613E-6 4.2652002958153894E-18 4.519689696234967E-17 4.5337714643795854E-17 4.111430640595148E-14 4.2979068805835185E-5 9.187933098514007E-11 1.4421563771744813E-17 3.927013046687581E-17 1.4634731587473952E-14 1.0695723789865694E-8 5.721547365794191E-14 7.296454868212841E-10 3.663480497419625E-17 3.309563479526346E-17 0.0 3.253154109749944E-7 1.4447446746253793E-17 7.955747727756106E-17 6.9093100801175324E-12 2.299856872666573E-17 1.5083912555601526E-16 0.0 2.3812244140464353E-14 1.634427036018409E-13 
0.41316319692403286 1.2090424397842501E-5 5.327890679986598E-17 1.4137661355424461E-11 0.0 5.181737479937973E-9 4.091052631865157E-15 3.7562590641699015E-11 5.230840459142492E-10 3.7792182878971096E-8 1.2692816624235508E-8 6.550607218324271E-8 2.091048407024817E-7 3.927013046687581E-17 4.25797951876013E-13 1.3692835573558768E-14 1.2397655863311439E-13 4.641270593862328E-13 3.760341800996138E-12 3.096302073396506E-14 0.0 1.9767178916715882E-13 1.0517256915234415E-6 2.7626649478134707E-12 1.0660752148973777E-12 2.299856872666573E-17 1.5083912555601526E-16 0.0 1.713634818284253E-13 1.1618441473946422E-14 
0.6467360569603804 0.0 5.327890679986598E-17 3.239369039571155E-13 0.0 0.0 6.755357496910605E-14 5.046461387995054E-12 1.9401224574564662E-14 3.553535237379274E-17 2.184084438280649E-17 4.34621610876909E-13 1.4421563771744813E-17 3.927013046687581E-17 0.0 4.162228553030825E-17 7.242064339276255E-17 4.313361842359215E-17 3.663480497419625E-17 7.835442790634073E-14 0.0 2.8115663614029906E-17 1.4447446746253793E-17 5.874013761447055E-12 2.0064614939104407E-17 2.299856872666573E-17 1.5083912555601526E-16 0.0 6.764448463895457E-18 3.860442477934757E-11 
0.0710457641784758 7.914178245783881E-14 9.384404605886149E-14 1.0281545851255369E-5 2.825005430506191E-10 1.8715427567509704E-6 5.46976610262431E-14 1.0167927542340317E-13 1.448192217480894E-12 5.477564785248584E-12 2.184084438280649E-17 4.559759936464588E-15 1.4421563771744813E-17 3.927013046687581E-17 1.815861115073703E-13 6.601220023344719E-14 9.801059386633804E-8 1.053108576132051E-6 3.3423235646754883E-10 8.044460864736275E-16 1.4975590612821724E-14 9.643216298374665E-12 6.371891879653158E-9 8.148050308191622E-7 6.299998187751959E-10 2.2661408257739033E-15 1.5083912555601526E-16 1.8260653231752415E-9 6.764448463895457E-18 6.595069730053199E-9 
0.6300319392994109 9.417562129016534E-10 8.166142400610799E-14 1.4335741921474617E-11 2.636533615357501E-16 1.6397001983662592E-11 7.160262332091175E-16 2.944723173524171E-11 7.4415749629938336E-9 3.901945276257648E-8 3.9466073693213163E-16 6.843877394955703E-8 1.4421563771744813E-17 3.927013046687581E-17 1.0702266732923267E-11 2.5592125766452555E-13 2.9245432930866133E-15 5.457081835018611E-13 3.663480497419625E-17 3.1668656663149894E-15 0.0 1.1435014675630032E-9 1.1118046624360791E-7 1.508741502557307E-10 5.038089987784892E-12 2.299856872666573E-17 8.447150688761881E-16 0.0 6.764448463895457E-18 1.6690660198050147E-6 
0.21223571201537236 1.0622124379927076E-11 1.3955338999320118E-13 5.775897645873733E-12 5.582065999704269E-12 0.0018002784343172868 5.783074731986514E-14 1.8326637342011256E-7 4.377731003728038E-8 1.6188970080653765E-9 0.013676029614868478 3.262284143995874E-10 9.509128684194373E-11 1.229668523473559E-13 0.0 0.011645992785185445 7.242064339276255E-17 3.678182933035605E-12 7.079542326929635E-10 3.309563479526346E-17 2.154002069828395E-14 1.2918265007251992E-7 6.2133760491079485E-9 0.0 1.5026909796980235E-8 1.656557678584959E-10 4.62988211712802E-15 0.0 1.090063863409114E-13 3.731461440154142E-14 
0.002405370154695677 4.673153516821104E-13 5.327890679986598E-17 1.970158523247849E-12 0.0 2.352896569777389E-11 3.3850461699203305E-15 2.9869050440123576E-7 9.990662505891137E-13 3.553535237379274E-17 1.7986580102128497E-5 3.834664064691457E-8 1.4421563771744813E-17 3.927013046687581E-17 3.626154363133355E-13 7.727519457211042E-13 3.467613149372192E-16 7.643732324675022E-13 3.663480497419625E-17 5.403599430799082E-12 0.0 4.2353935843564276E-10 1.4447446746253793E-17 3.394574498271273E-13 4.900803576505546E-12 0.0 3.9671364461962806E-16 0.0 6.764448463895457E-18 1.4046903959683387E-14 
0.44670512871195384 7.914178245783881E-14 5.861381614341114E-14 7.059570255744028E-12 1.8942516368054826E-15 3.4279584833592278E-15 6.924158264883265E-14 5.030058404339069E-12 4.977880544008E-11 1.5908147367826775E-9 2.184084438280649E-17 1.0512405997712494E-9 1.4421563771744813E-17 3.927013046687581E-17 4.3345522677376624E-12 1.1463996871202904E-13 5.292601995622778E-12 5.369206192474159E-4 3.3423235646754883E-10 7.554735065112817E-14 1.456739646375716E-14 9.643216298374665E-12 1.4447446746253793E-17 5.983048927147884E-12 6.299998187751959E-10 3.8204530602491225E-15 1.5083912555601526E-16 6.939409992070271E-11 1.915594663119788E-15 3.8671501953965785E-11 
0.19635018774301616 0.0 5.327890679986598E-17 1.8507938322273188E-10 0.0 4.36577268832066E-11 3.768432125402988E-16 1.9288744505829967E-15 4.5337714643795854E-17 2.7561491324925383E-16 2.184084438280649E-17 3.786933883714324E-11 1.4421563771744813E-17 3.927013046687581E-17 0.0 6.912178565619294E-18 3.4828272009014506E-15 1.121083018608878E-11 3.663480497419625E-17 3.309563479526346E-17 0.0 3.512992228517549E-14 1.4447446746253793E-17 7.955747727756106E-17 3.887257171331306E-11 2.299856872666573E-17 1.866776316169267E-13 0.0 7.360535646218689E-16 3.2222879431537295E-15 
0.40968930925357655 0.0 5.327890679986598E-17 0.0 0.0 5.80004513760396E-8 1.1528750275833104E-16 4.519689696234967E-17 4.5337714643795854E-17 3.553535237379274E-17 2.184084438280649E-17 1.128998734499135E-16 1.4421563771744813E-17 3.927013046687581E-17 0.0 6.912178565619294E-18 2.512267117275543E-6 4.313361842359215E-17 3.663480497419625E-17 3.309563479526346E-17 0.0 2.8115663614029906E-17 1.4447446746253793E-17 7.955747727756106E-17 9.449653433523993E-13 2.299856872666573E-17 1.5083912555601526E-16 0.0 6.764448463895457E-18 0.0 
0.42178898733814624 0.0 5.327890679986598E-17 0.0 0.0 2.1429382128268544E-8 1.1528750275833104E-16 4.519689696234967E-17 4.5337714643795854E-17 3.3397254202603655E-15 2.184084438280649E-17 1.128998734499135E-16 1.4421563771744813E-17 4.3659991622608865E-7 8.62344185093155E-13 2.7074438852677557E-16 2.679705146942355E-15 4.313361842359215E-17 3.663480497419625E-17 3.309563479526346E-17 0.0 7.417494268830031E-10 1.4447446746253793E-17 7.955747727756106E-17 2.0064614939104407E-17 2.299856872666573E-17 1.5083912555601526E-16 0.0 3.81096166049972E-15 0.0 
0.23132064986866427 7.597540441230944E-11 5.327890679986598E-17 3.098360129469806E-10 0.0 2.8837065872667747E-12 2.884871698143122E-16 1.0641063582161646E-10 6.33061025829253E-15 3.553535237379274E-17 2.3859608834962632E-8 2.057361824846523E-7 1.4421563771744813E-17 1.3872628198331447E-15 9.75253223031552E-12 8.55229065900973E-7 7.242064339276255E-17 1.6997926502905006E-6 9.06735667928838E-16 1.2003234681103738E-13 3.0571125462772447E-16 4.673972684438513E-10 1.4447446746253793E-17 9.246131084902519E-15 1.384699989952717E-8 2.977395639258373E-14 1.783934503901075E-14 1.617135126734898E-12 1.915594663119788E-15 3.5258461396785504E-17 
0.2306735515770143 7.613800657606684E-11 5.327890679986598E-17 5.496630236713643E-12 0.0 9.831189248653248E-13 4.2652002958153894E-18 1.1091981639135857E-12 4.5337714643795854E-17 6.486793097138062E-17 2.2319291338851216E-10 2.0843132068848224E-7 1.4421563771744813E-17 2.5409132790791703E-14 1.220821390022336E-11 8.533243430929537E-7 7.242064339276255E-17 8.064970358020985E-9 9.06735667928838E-16 6.136757453113963E-15 3.2118725341439007E-16 4.673972684438513E-10 1.4447446746253793E-17 7.955747727756106E-17 1.3346575110716097E-8 3.039423707899143E-14 1.760264660221976E-14 2.920528711863999E-15 6.764448463895457E-18 7.004328331039962E-17 
0.2122629381101095 0.0 5.327890679986598E-17 1.8507938322273188E-10 0.0 1.242697553521836E-13 4.2652002958153894E-18 3.1234191963682007E-13 4.5337714643795854E-17 4.439673771335184E-14 2.184084438280649E-17 1.7959649759476558E-12 1.4421563771744813E-17 3.927013046687581E-17 0.0 4.162228553030825E-17 7.242064339276255E-17 1.6306652745261197E-13 3.663480497419625E-17 3.309563479526346E-17 0.0 5.5365288697023225E-14 1.4447446746253793E-17 0.0 7.958767106964156E-14 2.299856872666573E-17 1.875283379906008E-13 0.0 2.808399982296851E-15 3.2222879431537295E-15 
0.43009440362283324 0.0 5.327890679986598E-17 8.717817534073156E-9 0.0 0.0 4.740590599195818E-14 4.519689696234967E-17 4.5337714643795854E-17 3.553535237379274E-17 2.70419320452028E-15 1.128998734499135E-16 1.4421563771744813E-17 1.653764237438297E-5 0.0 2.5140437963266008E-15 2.6722981851505326E-11 4.313361842359215E-17 3.663480497419625E-17 1.9931452318406867E-16 7.235212449948536E-16 2.8115663614029906E-17 1.4447446746253793E-17 1.658870782894579E-10 1.2543821078494288E-16 2.299856872666573E-17 1.5083912555601526E-16 0.0 6.764448463895457E-18 0.0 
0.6309628538015242 7.957606971226557E-8 4.607308912034225E-6 4.510459367527469E-8 0.0 2.229858613884208E-14 2.7519041921278486E-14 1.2118228995437836E-10 4.5337714643795854E-17 3.553535237379274E-17 4.305471533982853E-9 8.355456866444843E-7 6.773968355040694E-15 3.927013046687581E-17 0.0 4.162228553030825E-17 2.6547842398021448E-12 5.4130186754421537E-11 3.261910050533975E-10 1.1536111954315582E-11 1.1278287746215024E-14 7.240036752937483E-10 1.4447446746253793E-17 4.065429622479089E-11 1.551087662978059E-13 1.5431588282022679E-15 4.791561210826883E-16 6.808636553498195E-16 6.764448463895457E-18 1.868852456004152E-6 
0.44612457793208343 7.914178245783881E-14 9.19637632683058E-14 6.6608627259822825E-12 2.855766153788693E-10 1.7918471676575166E-6 4.308445789307658E-16 3.1553302966550474E-15 4.764181038901801E-11 4.77049706251414E-11 2.184084438280649E-17 3.857483450245162E-13 1.4421563771744813E-17 0.016310741182513338 4.837892020762386E-15 1.1463996871202904E-13 5.2215610709111675E-12 1.0490728311243064E-6 3.4068951162314015E-10 8.044460864736275E-16 1.4564875694987072E-14 9.581085648005607E-12 6.327735704061052E-9 1.1765377719950837E-5 6.299998187751959E-10 2.299856872666573E-17 1.5083912555601526E-16 1.8119935674692302E-11 1.915594663119788E-15 6.416618481461484E-9 
0.6322871049549292 1.726566971464503E-7 1.945239638713405E-15 6.722742947291869E-4 2.3693330962132794E-14 2.794015015614535E-14 4.48211297056994E-12 9.741109211934304E-13 6.333817770670857E-13 3.4305850077718445E-7 0.014998195178829157 6.998888551257776E-5 5.3384741937427446E-14 9.213706277486715E-16 3.8760006265321045E-12 1.18452120182688E-13 1.53639134971649E-15 1.0884559285249145E-5 3.663480497419625E-17 2.8389345418058726E-13 1.210064456534536E-9 6.270440920339587E-10 1.4447446746253793E-17 3.6714714121266115E-12 3.005564543865756E-11 1.175701719161301E-13 1.5083912555601526E-16 1.0924133749018556E-15 2.808399982296851E-15 1.948002596946832E-11 
0.24914826068768348 0.0 5.327890679986598E-17 1.2499096382270408E-4 0.0 7.149069250945621E-8 4.2652002958153894E-18 4.519689696234967E-17 4.5337714643795854E-17 3.553535237379274E-17 2.184084438280649E-17 3.8627735843978634E-9 1.4421563771744813E-17 3.927013046687581E-17 5.176444652554613E-12 6.912178565619294E-18 1.7364582481849907E-14 5.066004117389378E-10 3.663480497419625E-17 1.8115877464106703E-13 0.0 2.8115663614029906E-17 1.4447446746253793E-17 0.0 7.0148440965139434E-12 2.299856872666573E-17 1.5083912555601526E-16 0.0 2.5432884667711507E-14 1.5037364608521322E-13 
0.20807687018699325 0.0 5.327890679986598E-17 1.951588990905495E-12 0.0 3.243741033395202E-14 1.1528750275833104E-16 5.642074270341382E-14 1.5614337966510974E-12 2.0098222507253597E-14 8.85947207412632E-10 3.687470336425787E-9 1.8421843416823025E-4 1.40020556686016E-12 1.4115619168052344E-10 6.912178565619294E-18 7.242064339276255E-17 4.313361842359215E-17 3.663480497419625E-17 1.761780146328713E-13 3.2118725341439007E-16 7.731234925953687E-9 1.4447446746253793E-17 7.955747727756106E-17 3.833785643953606E-13 2.299856872666573E-17 1.5083912555601526E-16 0.0 6.764448463895457E-18 0.0 
0.6283270667937806 0.0 5.327890679986598E-17 1.2920577535504953E-10 0.0 2.481877905857146E-15 6.359896441560225E-16 5.745660616878509E-12 9.154858500205407E-5 3.553535237379274E-17 2.3584004515919787E-8 4.520440833022073E-10 1.4421563771744813E-17 3.927013046687581E-17 1.6436248074277222E-14 6.912178565619294E-18 2.4330155463697097E-15 4.203279326222873E-8 3.663480497419625E-17 6.935463509889191E-15 4.482835377315611E-13 0.01385750602026838 1.5554356734073308E-7 2.7679135695311747E-12 9.857218974291727E-16 2.299856872666573E-17 1.5083912555601526E-16 0.0 6.764448463895457E-18 9.886649327889205E-10 
0.016396532983676534 0.0 2.742968647382685E-14 2.1389948438553587E-6 0.0 5.149059551372189E-6 4.2652002958153894E-18 4.519689696234967E-17 4.5337714643795854E-17 8.298900465923438E-12 4.360065326035229E-5 5.111425278237621E-11 1.4421563771744813E-17 3.927013046687581E-17 3.157302681406501E-14 1.0695723789865694E-8 2.047139826102884E-12 3.6838541397926476E-8 3.663480497419625E-17 1.1975747852105669E-15 5.797798641970723E-17 0.018956072389249252 1.4447446746253793E-17 0.0 5.045361076202297E-14 2.299856872666573E-17 1.5083912555601526E-16 0.0 6.151902514175716E-17 2.952829501732933E-15 
0.0707318357650645 7.914178245783881E-14 9.384404605886149E-14 7.059570255744028E-12 2.855766153788693E-10 1.8715427567509704E-6 5.46976610262431E-14 1.0141124341338533E-13 4.8354007075462795E-11 5.477564785248584E-12 2.184084438280649E-17 4.559759936464588E-15 1.4421563771744813E-17 3.927013046687581E-17 1.7984257114217345E-13 1.1463996871202904E-13 9.801059386633804E-8 1.053108576132051E-6 3.3423235646754883E-10 8.044460864736275E-16 1.4975590612821724E-14 9.643216298374665E-12 6.3828804909118675E-9 8.148050308191622E-7 6.299998187751959E-10 3.8204530602491225E-15 1.5083912555601526E-16 1.8260653231752415E-9 1.915594663119788E-15 6.416618481461484E-9 
0.4127387124177141 0.0 1.945239638713405E-15 6.898360420983381E-4 3.841311799687958E-13 0.0 4.2652002958153894E-18 4.519689696234967E-17 2.786507351523339E-10 7.734086560694428E-12 7.955958178098805E-16 1.128998734499135E-16 1.636437262007502E-11 4.974114926580653E-15 2.3921818863951948E-12 1.1494791172473038E-12 4.618731550877642E-15 1.0395356191806623E-5 3.663480497419625E-17 1.4411793725777911E-16 2.7845741767292646E-16 2.8115663614029906E-17 1.4447446746253793E-17 7.955747727756106E-17 3.019017623609558E-11 2.299856872666573E-17 1.5083912555601526E-16 1.0924133749018556E-15 6.764448463895457E-18 0.0 
0.034219324705836274 2.043990784384098E-12 1.945239638713405E-15 3.9145455878277035E-7 7.695229480133758E-15 5.314432492946638E-13 4.4562677926264756E-12 3.7773307720371735E-10 2.067454784505543E-11 3.530226584362053E-9 6.794470966581804E-5 2.986471119432283E-5 1.2829441197780354E-15 9.213706277486715E-16 3.141528290917539E-11 1.1688314191978317E-12 2.283534837862319E-13 2.513920215861345E-7 5.460965847447715E-12 1.6620892046607373E-15 0.0 7.906317899052332E-5 1.4447446746253793E-17 9.07326060986874E-11 2.0064614939104407E-17 0.006877836472470446 1.6401736569177357E-14 0.0 2.220216134852004E-14 5.195311973791023E-8 
0.4376706808155553 0.0 3.870683550010399E-8 0.0 1.351447679496987E-13 5.768231671899246E-13 6.007556392531437E-14 5.23022231477815E-12 2.1242348949626124E-12 3.553535237379274E-17 1.201518264094791E-7 1.910800247405645E-8 9.622656803541786E-16 3.927013046687581E-17 0.04833628207448488 4.0482992660026266E-7 1.2767994134881342E-8 2.693379904362369E-15 3.663480497419625E-17 3.309563479526346E-17 3.5552876521875183E-16 3.3826488008916874E-15 1.4447446746253793E-17 3.2620281585456608E-12 2.0064614939104407E-17 5.26874936176735E-4 1.5083912555601526E-16 0.0 3.151068910232852E-7 0.0 
