2.949029909160572E-17 0.9999999945695028 
0.8518328050973258 -0.7733690123251055 
0.8518328050973258 -0.7733690123251055 
2.949029909160572E-17 0.9999999945695028 
0.6183969043546866 -0.1242203632419745 
0.0833749420163214 0.6696597741202442 
0.008859190637800413 0.9090255199964373 
0.8233318924559743 -0.4582652499521096 
0.21098179634848524 0.4693186343956011 
0.409314248397199 0.24215340949613812 
0.6464999997486318 -0.4466479938443816 
0.6525117166607867 -0.45826332567255235 
0.25776236986472456 0.24216108547678417 
0.8293436093671775 -0.5714418823753482 
0.4538821118743085 -0.1242184447485718 
0.25242869111552185 0.26989453868870605 
0.44525960667516756 -0.10760236130840262 
0.4152262215428353 0.16448617200181084 
0.18737990162628848 0.6646571699225631 
0.19146696817094022 0.6192510903367696 
