2.949029909160572E-17 2.7586653833253354E-17 4.5498425110647935E-17 0.0 0.0 0.0 0.0 0.0 0.0 3.539812780019203E-17 0.0 3.2961977377557434E-17 0.0 3.7203922876575746E-17 8.01356585478291E-18 0.0 0.0 2.083757930743239E-17 7.045026444454109E-18 1.7951956610342657E-17 0.0 0.0 1.8230182738366815E-17 3.345744152694128E-17 2.7375197420286138E-17 1.3311475053991952E-17 0.0 2.265627401676548E-17 0.0 0.0 
0.8518328050973258 2.7586653833253354E-17 4.5498425110647935E-17 0.0 0.0 0.0 0.0 0.0 0.0 3.539812780019203E-17 0.0 3.2961977377557434E-17 0.0 3.7203922876575746E-17 8.01356585478291E-18 0.0 0.0 2.083757930743239E-17 7.045026444454109E-18 1.7951956610342657E-17 0.0 0.0 1.8230182738366815E-17 3.345744152694128E-17 2.7375197420286138E-17 1.3311475053991952E-17 0.0 2.265627401676548E-17 0.0 0.0 
0.8518328050973258 2.7586653833253354E-17 4.5498425110647935E-17 0.0 0.0 0.0 0.0 0.0 0.0 3.539812780019203E-17 0.0 3.2961977377557434E-17 0.0 3.7203922876575746E-17 8.01356585478291E-18 0.0 0.0 2.083757930743239E-17 7.045026444454109E-18 1.7951956610342657E-17 0.0 0.0 1.8230182738366815E-17 3.345744152694128E-17 2.7375197420286138E-17 1.3311475053991952E-17 0.0 2.265627401676548E-17 0.0 0.0 
2.949029909160572E-17 2.7586653833253354E-17 4.5498425110647935E-17 0.0 0.0 0.0 0.0 0.0 0.0 3.539812780019203E-17 0.0 3.2961977377557434E-17 0.0 3.7203922876575746E-17 8.01356585478291E-18 0.0 0.0 2.083757930743239E-17 7.045026444454109E-18 1.7951956610342657E-17 0.0 0.0 1.8230182738366815E-17 3.345744152694128E-17 2.7375197420286138E-17 1.3311475053991952E-17 0.0 2.265627401676548E-17 0.0 0.0 
0.6183969043546866 2.7586653833253354E-17 4.5498425110647935E-17 0.0 0.0 0.0 0.0 0.0 0.0 3.539812780019203E-17 0.0 3.2961977377557434E-17 0.0 3.7203922876575746E-17 8.01356585478291E-18 0.0 0.0 2.083757930743239E-17 7.045026444454109E-18 1.7951956610342657E-17 0.0 0.0 1.8230182738366815E-17 3.345744152694128E-17 2.7375197420286138E-17 1.3311475053991952E-17 0.0 2.265627401676548E-17 0.0 0.0 
0.0833749420163214 2.7586653833253354E-17 4.5498425110647935E-17 0.0 0.0 0.0 0.0 0.0 0.0 3.539812780019203E-17 0.0 3.2961977377557434E-17 0.0 3.7203922876575746E-17 8.01356585478291E-18 0.0 0.0 2.083757930743239E-17 7.045026444454109E-18 7.206860796833046E-8 0.0 0.0 1.8230182738366815E-17 3.345744152694128E-17 2.7375197420286138E-17 1.3311475053991952E-17 0.0 2.265627401676548E-17 0.0 0.0 
0.008859190637800413 2.7586653833253354E-17 4.5498425110647935E-17 0.0 0.0 0.0 0.0 0.0 0.0 3.539812780019203E-17 0.0 3.2961977377557434E-17 0.0 3.7203922876575746E-17 8.01356585478291E-18 0.0 0.018875965524763005 2.083757930743239E-17 7.045026444454109E-18 1.7951956610342657E-17 0.0 0.0 1.8230182738366815E-17 3.345744152694128E-17 2.7375197420286138E-17 1.3311475053991952E-17 0.0 2.265627401676548E-17 0.0 0.0 
0.8233318924559743 2.7586653833253354E-17 4.5498425110647935E-17 0.0 0.0 0.0 0.0 0.0 0.0 3.539812780019203E-17 0.0 3.2961977377557434E-17 0.0 3.7203922876575746E-17 8.01356585478291E-18 0.0 0.0 2.083757930743239E-17 7.045026444454109E-18 1.7951956610342657E-17 0.0 0.0 1.8230182738366815E-17 3.345744152694128E-17 2.7375197420286138E-17 1.3311475053991952E-17 0.0 2.265627401676548E-17 0.0 0.0 
0.21098179634848524 2.7586653833253354E-17 4.5498425110647935E-17 0.0 0.0 0.0 0.0 0.0 0.0 3.539812780019203E-17 0.0 3.2961977377557434E-17 0.0 3.7203922876575746E-17 7.746422899003386E-10 0.0 0.0 2.083757930743239E-17 7.585995345469779E-7 1.7951956610342657E-17 0.0 0.0 1.8230182738366815E-17 3.345744152694128E-17 2.7375197420286138E-17 1.3311475053991952E-17 0.0 2.265627401676548E-17 0.0 0.0 
0.409314248397199 2.7586653833253354E-17 4.5498425110647935E-17 0.0 0.0 0.0 0.0 0.0 0.0 3.539812780019203E-17 0.0 3.2961977377557434E-17 0.0 3.7203922876575746E-17 8.01356585478291E-18 0.0 0.0 2.083757930743239E-17 7.045026444454109E-18 1.7951956610342657E-17 0.0 0.0 1.8230182738366815E-17 3.345744152694128E-17 2.7375197420286138E-17 1.3311475053991952E-17 0.0 2.265627401676548E-17 0.0 0.0 
0.6464999997486318 2.7586653833253354E-17 4.5498425110647935E-17 0.0 0.0 0.0 0.0 0.0 0.0 3.539812780019203E-17 0.0 3.2961977377557434E-17 0.0 3.7203922876575746E-17 8.01356585478291E-18 0.0 0.0 2.083757930743239E-17 7.045026444454109E-18 1.7951956610342657E-17 0.0 0.0 1.8230182738366815E-17 3.345744152694128E-17 2.7375197420286138E-17 1.3311475053991952E-17 0.0 2.265627401676548E-17 0.0 0.0 
0.6525117166607867 2.7586653833253354E-17 4.5498425110647935E-17 0.0 0.0 0.0 0.0 0.0 0.0 3.539812780019203E-17 0.0 3.2961977377557434E-17 0.0 3.7203922876575746E-17 8.01356585478291E-18 0.0 0.0 2.083757930743239E-17 7.045026444454109E-18 1.7951956610342657E-17 0.0 0.0 1.8230182738366815E-17 3.345744152694128E-17 2.7375197420286138E-17 1.3311475053991952E-17 0.0 2.265627401676548E-17 0.0 0.0 
0.25776236986472456 2.7586653833253354E-17 4.5498425110647935E-17 0.0 0.0 0.0 0.0 0.0 0.0 3.539812780019203E-17 0.0 3.2961977377557434E-17 0.0 3.7203922876575746E-17 8.01356585478291E-18 0.0 0.0 2.083757930743239E-17 7.045026444454109E-18 1.7951956610342657E-17 0.0 0.0 1.8230182738366815E-17 3.345744152694128E-17 2.7375197420286138E-17 1.3311475053991952E-17 0.0 2.265627401676548E-17 0.0 0.0 
0.8293436093671775 2.7586653833253354E-17 4.5498425110647935E-17 0.0 0.0 0.0 0.0 0.0 0.0 3.539812780019203E-17 0.0 3.2961977377557434E-17 0.0 3.7203922876575746E-17 8.01356585478291E-18 0.0 0.0 2.083757930743239E-17 7.045026444454109E-18 1.7951956610342657E-17 0.0 0.0 1.8230182738366815E-17 3.345744152694128E-17 2.7375197420286138E-17 1.3311475053991952E-17 0.0 2.265627401676548E-17 0.0 0.0 
0.4538821118743085 2.7586653833253354E-17 4.5498425110647935E-17 0.0 0.0 0.0 0.0 0.0 0.0 3.539812780019203E-17 0.0 3.2961977377557434E-17 0.0 3.7203922876575746E-17 8.01356585478291E-18 0.0 0.0 2.083757930743239E-17 7.045026444454109E-18 1.7951956610342657E-17 0.0 0.0 1.8230182738366815E-17 3.345744152694128E-17 2.7375197420286138E-17 1.3311475053991952E-17 0.0 2.265627401676548E-17 0.0 0.0 
0.25242869111552185 2.7586653833253354E-17 4.5498425110647935E-17 0.0 0.0 0.0 0.0 0.06578818871703607 0.0 3.539812780019203E-17 0.0 3.2961977377557434E-17 0.0 3.7203922876575746E-17 8.01356585478291E-18 0.0 0.0 2.083757930743239E-17 7.045026444454109E-18 1.7951956610342657E-17 0.0 0.0036154038191631224 1.8230182738366815E-17 3.345744152694128E-17 2.7375197420286138E-17 1.3311475053991952E-17 0.0 2.265627401676548E-17 0.03365228911288454 0.0 
0.44525960667516756 2.7586653833253354E-17 3.1695452354433195E-5 0.0 0.0 0.0 0.0 0.0 0.0 3.539812780019203E-17 0.0 3.2961977377557434E-17 0.0 3.7203922876575746E-17 3.7730388404200643E-13 0.0 0.0 2.083757930743239E-17 6.95133448236443E-8 1.7951956610342657E-17 0.0 0.0 1.8230182738366815E-17 3.345744152694128E-17 2.7375197420286138E-17 1.3311475053991952E-17 0.0 2.265627401676548E-17 0.0 0.0 
0.4152262215428353 2.7586653833253354E-17 4.5498425110647935E-17 0.0 0.0 0.0 0.0 0.0 0.0 3.539812780019203E-17 0.0 3.2961977377557434E-17 0.0 3.7203922876575746E-17 8.01356585478291E-18 0.0 0.0 2.083757930743239E-17 7.045026444454109E-18 1.7951956610342657E-17 0.0 0.0 1.8230182738366815E-17 3.345744152694128E-17 2.7375197420286138E-17 1.3311475053991952E-17 0.0 2.265627401676548E-17 0.0 0.0 
0.18737990162628848 2.7586653833253354E-17 4.5498425110647935E-17 0.0 0.0 0.0 0.0 0.0 0.0 3.539812780019203E-17 0.0 3.2961977377557434E-17 0.0 3.7203922876575746E-17 6.420303449797873E-7 0.0 0.0 2.083757930743239E-17 7.045026444454109E-18 1.7951956610342657E-17 0.024436215026299113 0.0 1.8230182738366815E-17 3.345744152694128E-17 0.07884940650767505 1.3311475053991952E-17 0.0 2.265627401676548E-17 0.0 0.0 
0.19146696817094022 2.7586653833253354E-17 4.5498425110647935E-17 0.0 0.0 0.0 0.0 0.0 0.0 3.539812780019203E-17 0.0 3.2961977377557434E-17 0.0 3.7203922876575746E-17 6.421773361775937E-7 0.0 0.0 2.083757930743239E-17 7.045026444454109E-18 2.6253366416276295E-9 0.0 0.0 1.8230182738366815E-17 3.345744152694128E-17 0.025170137198460646 1.3311475053991952E-17 0.0 2.265627401676548E-17 0.0 0.0 
