2.0497350290606814E-17 0.9999999954726003 
0.8518332277032754 -0.7733690122713064 
2.0497350290606814E-17 0.9999999954726003 
0.8518332277032754 -0.7733690122713064 
0.6525112691231971 -0.4582633256114409 
0.8233318605605833 -0.4582645979173695 
0.6183968363193393 -0.12421917573507882 
0.45388223559904994 -0.124218444744667 
0.25776176003558027 0.24216108552482318 
0.4093137960121745 0.24215946348350664 
0.18222885121773116 0.6696516793659982 
0.08300160423940439 0.6696523565500703 
0.015525233604328406 0.8681262249831164 
0.016254575221300416 0.8645863024150778 
0.018869340911022547 0.8520922878345051 
0.19187440274847017 0.6104154491127152 
0.18408145904791023 0.6592216619608146 
0.8373406619255217 -0.6870513891115224 
0.4512032939627345 -0.12259761352075857 
0.018016302416586638 0.8561138095255195 
0.059148925205739555 0.700071968446097 
0.19299204000000322 0.6028384140999047 
0.07514003377694706 0.6729854044329551 
0.4187735634096694 0.11995701707765746 
0.23408417036203463 0.310750638317596 
0.0767763373469631 0.6717380839231155 
0.8240209845464297 -0.4722330748274 
0.19119970881028078 0.6149261690478333 
0.43108336219525717 -0.013743404070758386 
0.23909998908251007 0.28580359595995475 
0.4353933785871263 -0.05019491156574541 
0.040475236158477756 0.7601475904420399 
0.6215297257842526 -0.1774312732960809 
0.41440296421587086 0.17508184279965922 
0.014839416156848223 0.8715271418741356 
0.44206524967152966 -0.09233255568501518 
0.06922329879680324 0.6799179086262924 
0.25022616765556205 0.24955403211098928 
0.03296170930902499 0.7900954578606466 
0.2484478490350338 0.2534020345284776 
0.21355462891365826 0.44976886932199495 
0.2302616083215008 0.3327525789035311 
0.22054017876283383 0.3977535365501047 
0.8397778710994285 -0.713239802093507 
0.04154059130988352 0.7561026779121236 
0.6252076050155208 -0.23566316643357826 
0.8305418092889296 -0.5914494549249797 
0.19250338029183217 0.6061670953605649 
0.07871694939022117 0.6706414366123576 
0.20613047434776766 0.5066036899524107 
0.03357441990812615 0.7875641509867649 
0.8376786735135406 -0.6909492528186961 
0.8307739626073455 -0.5952517375451079 
0.42116888157852345 0.09112537406876087 
0.6217716910840407 -0.18141079420547185 
0.2184592042816938 0.4128988295924133 
0.4367271197058654 -0.060025786187014686 
0.2218317476654295 0.38851438777371355 
0.8315389822131932 -0.6074525740823618 
0.43428406019465227 -0.04132672230047607 
0.41314908989747534 0.19137781843849505 
0.18810208061193245 0.634976402690957 
0.8256955008847797 -0.5051495093095817 
0.6304604827575615 -0.30937602979068274 
0.823829221275874 -0.4683701622905412 
0.6249430644775805 -0.23164375599322726 
0.8235925012240863 -0.46357589733284443 
0.0522183223497531 0.719395209996636 
0.4477628968090937 -0.1158083943833302 
0.826004519300762 -0.5110595621949332 
0.6361191235277982 -0.3741581314446031 
0.4208706269591361 0.09465375602774098 
0.8313467496680684 -0.6044223970255077 
0.8370639292357226 -0.6837973897421318 
0.03966765668401866 0.7632366684459795 
0.44954024147299 -0.1199709186700989 
0.014492209940411033 0.873243899445052 
0.24158367898769056 0.2753002665385609 
0.23837482601122684 0.2891103172986554 
0.22735267218707575 0.3509897934319724 
0.1834843607177981 0.6627835514430284 
0.013971894181891653 0.8758594580655488 
0.4346895762175772 -0.04467822810023584 
0.6378728759319099 -0.3908061225606656 
0.18652584751363077 0.6447336123498725 
0.41300020500085505 0.19332448213895104 
0.4160255736044522 0.1542848724083324 
0.8368986627434224 -0.6818272422071544 
0.8482935738849772 -0.7680914468682694 
0.8253427810102646 -0.4983400188423698 
0.6284977684113802 -0.28324948093729446 
0.6256962002254735 -0.24301375065725433 
0.05676028737287658 0.7062708373630292 
0.02938882709580054 0.8051282801892818 
0.4323941520437903 -0.025490154027771657 
0.8464852332180702 -0.7613764097904618 
0.6192267398665855 -0.13860598166232133 
0.6299553905370257 -0.30282248192418026 
0.8366406445571355 -0.6787114371693226 
0.020314753431997408 0.8453677850684785 
0.8446185560199335 -0.7516080127135089 
0.0049099370015072245 0.9291746982829823 
0.8470587040727182 -0.7638029293765104 
0.051534104334957045 0.7215713344429452 
0.4272406828015855 0.023758352980298564 
0.6442490737260302 -0.4364098701923224 
0.43072586517483485 -0.01044383114476055 
0.023826261974730936 0.8294272658529442 
0.41910788749873357 0.11586748688293683 
0.43140779533576 -0.016702616952261346 
0.2178794983761418 0.4171811785621449 
0.8441755193886157 -0.7488727152768261 
0.18498589069677415 0.653955480134518 
0.06553037897425401 0.6861268216301325 
0.21523368660923725 0.4369488675819965 
0.8439391144072019 -0.747272818348039 
0.20520533942366934 0.5135960627272917 
0.4362711637727159 -0.05682629309991603 
0.8251932148094059 -0.49543183717187084 
0.4147243209866433 0.17093551154648473 
0.8277484795412188 -0.5434089602973136 
0.8241785319348968 -0.47539266348301606 
0.827970061516718 -0.5463272045628533 
0.4216384213227717 0.08560830256200071 
0.635751126627041 -0.3704508783191374 
0.042447206497957246 0.7527149071149872 
0.4097253762302153 0.2366686075778156 
0.409851959277853 0.2349661903017665 
0.41239788768117613 0.20122309084547602 
0.19223674438269744 0.6079731388932879 
0.41755228314481846 0.13506221794367093 
0.20894348710722882 0.4870119499971283 
0.6245217962584729 -0.22518662272616655 
0.410592611745332 0.22509725167833128 
0.1991710173381201 0.5589006736337282 
0.42820987272598887 0.013888785676132297 
0.6418333158828542 -0.42196957666494334 
0.20420317975106272 0.5212254587413884 
0.6276062884532694 -0.2708099942950838 
0.42846856028578756 0.011309813844640398 
0.4454388504660445 -0.1082856463065462 
0.6194275320985252 -0.14205602679829069 
2.7263736857065503E-5 0.9947785109938366 
0.6271557549394549 -0.2643919216624295 
0.619648515387639 -0.14584012859241893 
0.016868093271952628 0.8615964584637599 
0.6429091932860848 -0.4288393983793134 
0.6437021347513772 -0.43345336181828764 
0.6287468810421553 -0.28666303718489083 
0.43967221334065804 -0.07979047709623208 
0.8388586130511171 -0.7038882465379498 
0.6269656980661691 -0.26165848749859877 
0.02893640866851073 0.8070641779523698 
0.6319337301633776 -0.32779577957125905 
0.4138070751924645 0.18280370790020178 
0.4164760852357134 0.14857558294896353 
0.2083910481132923 0.4892008617666383 
0.638538853215035 -0.3966786751400489 
0.03683433930786362 0.7743490535003928 
0.4336071749874736 -0.035854614297023274 
0.21730948553093035 0.42140245434308543 
0.6488697357256412 -0.45361530839853714 
0.8394640796280659 -0.7097111792609841 
0.1887173463993682 0.6310837885083449 
1.937955374344269E-4 0.9860777767041041 
0.4269535457523737 0.026732997874999487 
0.22010304605884487 0.4008994983489465 
0.05999987661534224 0.6979879321288439 
0.1975566992008108 0.5706757730985992 
0.008475301723239514 0.9057132054334285 
0.07400843723826751 0.6740187688625033 
0.009982243184427614 0.8970126998146403 
0.029865383814038762 0.8030968118672235 
0.20757281363602006 0.4954799158864649 
0.8264182252706607 -0.5188892040579388 
0.8266171210500354 -0.5226194235505159 
0.840202115922702 -0.7173367650983665 
0.6246917657419971 -0.2278001704276849 
0.6481341071056272 -0.45208864575545704 
0.2020667736281398 0.5373707206939791 
0.028196587132251705 0.8102451752648044 
0.041627254692672644 0.7557769471599421 
0.4249253270960176 0.04837515215311514 
0.20895864534998343 0.4848459119718987 
0.423728260708098 0.061641382737209836 
0.8292749448746801 -0.5702668452558326 
0.24324388194503588 0.26901703121592957 
0.2009629893675964 0.5456321958438177 
0.4185479874342038 0.12272985303354475 
0.42621134972527175 0.03452629373356115 
0.20065027630140098 0.5479611575989235 
0.1885482751291833 0.6321583625494446 
0.034033522248882814 0.78567718004171 
0.1869036108333797 0.6424239555928842 
0.23283780452474379 0.31766055975118623 
0.2309321602116427 0.3287235659471467 
0.4349615397093739 -0.046830832460716634 
0.2346038440888539 0.30799753575240063 
0.07794626658539006 0.671038730257801 
0.21762774168740423 0.4190401812464777 
0.20553827098507316 0.5110552849186405 
0.23325388333877525 0.31532429499904724 
0.07139500714502864 0.6769357873030226 
6.505317279636991E-5 0.991934409174486 
0.4150849340204871 0.16629841880589544 
0.4170053593719155 0.1419070552870869 
0.21123410290267747 0.4673851438450802 
0.6369437446378912 -0.38219719986224293 
0.19722849958371458 0.5730466950055728 
0.25118410225009685 0.2478069704776664 
0.8448983145171123 -0.7532200011343329 
0.19827502778533515 0.5654592157218301 
0.8502317534964288 -0.7722893416182778 
0.21309181258384974 0.4531886367394665 
0.835305423095644 -0.6618173933911184 
0.20181361377267362 0.5392709145384947 
0.6207173601979865 -0.1639282755595504 
0.2231126453471478 0.37951361185933297 
0.22283293785441372 0.38146539133878266 
0.8295857746120282 -0.5755624475499297 
0.024438065198252368 0.8267006271202492 
0.039235054517362554 0.7649089791874355 
0.8345199408998416 -0.6512851576806055 
0.6424093285370331 -0.4257342031661734 
0.03812391267364776 0.7692454603878307 
0.8250798287091619 -0.49321990877595256 
0.8297120878993335 -0.5776979221202625 
0.6414907952212194 -0.4196369339900289 
0.43406048553542226 -0.03959943037133689 
0.8244101091385188 -0.4800136858360277 
0.22451714319840116 0.36983643531848565 
0.06282187186403879 0.6915641735343873 
0.4467858468470322 -0.11293046300791447 
0.21148406284200208 0.46547080055276624 
0.6433536774423099 -0.43147352754084944 
0.831706821454263 -0.610078528117554 
0.20926858227591127 0.482463549655656 
0.6223693247544722 -0.19115417777876056 
0.42996785229956447 -0.003315192648549768 
0.6311663942911181 -0.31633840780910094 
0.4225507187338018 0.07502462808223134 
0.43302277313209314 -0.030923159434245662 
0.2117527417610357 0.46349481930090175 
0.04797328914892815 0.7330958645654588 
0.43327294362024216 -0.03304841341221874 
0.6302427474923903 -0.3063539230107006 
0.2410152457695081 0.2775893661755831 
0.6316638364840691 -0.32449990979860915 
0.8334970679563029 -0.6369243839954626 
0.6211935868061756 -0.17187036411268136 
0.4473510652521435 -0.11464600542322306 
0.20666769157230375 0.50241865302168 
0.22531441854615375 0.36443974875875174 
0.18616661999138448 0.6469127616388 
0.41773068541609604 0.13283992404509254 
0.6258870866044879 -0.24585961321087668 
0.841204256162101 -0.7263888384616907 
0.0012710982218002709 0.9642967907263722 
0.42220125216804316 0.07905724535974831 
0.18779246103652603 0.6369176930293361 
0.24373904827149534 0.26726541835257805 
0.011792622319597462 0.8871365868023596 
0.03440861102395004 0.7841416218015499 
0.6388168983043008 -0.3990560406373127 
0.41157861598724593 0.2120229338821965 
0.8255442220214713 -0.501530700798925 
0.00965692302659682 0.8988453625389072 
0.2119897756962103 0.46160119906184116 
0.4290265122876014 0.005782686129826813 
0.8276354543774774 -0.5413652683878561 
0.21224050400022498 0.45968470218120294 
0.0302263486826696 0.8015635888920577 
0.23225259444447494 0.320995362886412 
0.05074493835878269 0.7240025854272838 
0.632329507888174 -0.33256367065261655 
0.42640392305612185 0.032489918198728714 
0.8246271955734861 -0.48413587343091063 
0.053740266657192545 0.7148115874502152 
0.2236245577737383 0.3759622200233565 
0.4100854083605801 0.23185171931698034 
0.8419539436213425 -0.7327790815766333 
0.2099396428517995 0.4773264296050922 
0.4274226553997784 0.021885046166224057 
0.04027003537526272 0.7609227783222181 
0.06840876107804084 0.6811653489673655 
0.8284607296025056 -0.5561145811028931 
0.4223822686964894 0.07705767176492213 
0.03515989299053365 0.7810828062308265 
0.8336428501009998 -0.6390152038852082 
0.25290143197034726 0.24525539909434957 
0.8281298105095523 -0.5502487601574896 
0.620026460497561 -0.15227682831660136 
0.43034333327476765 -0.006568267900506506 
0.6234138021647267 -0.20788010234905377 
0.028536345096459463 0.8087819700659814 
0.41361120355400144 0.18535101783637667 
0.6371500960786122 -0.3841509652565815 
0.8320690978633494 -0.6156835635339056 
0.8347597836566938 -0.6545471880775627 
0.8426417926280789 -0.7381828818572799 
0.846145885755569 -0.7598128806691605 
0.44868748315255214 -0.11814748597404418 
0.6204930275560725 -0.1601616622176648 
0.8421990058243743 -0.734747284178229 
0.433789233894048 -0.03736711949299762 
0.6231605662722169 -0.2038613448340035 
0.8355072030999204 -0.664452498793332 
0.8273376129810763 -0.5359441690779391 
0.4305714943556682 -0.009006607342975642 
0.2565884105745888 0.24234270033388441 
0.6201480646975025 -0.15433847301431308 
0.2278156650210754 0.3480085079406272 
0.22139643949599444 0.39160874750313596 
0.4167032942758948 0.14570826369209514 
0.058234688989072594 0.702384528748559 
0.42574305865758594 0.039520435222480374 
0.8262230397897532 -0.5152070553742811 
0.19701000913393052 0.5746205512004403 
0.19463328032037613 0.5914873955279514 
0.8475193779094239 -0.7655552390537492 
0.22943869960356963 0.337789431921104 
0.012126190216132208 0.8853724082971691 
0.2070526974711745 0.4994679510734766 
0.03481842932580098 0.7824704151827117 
0.00928701572340107 0.9009595331095795 
0.22339137966998174 0.3775766169867138 
0.6255394666338796 -0.24066627201149057 
0.22085507629372017 0.3955826024074535 
0.417141078942594 0.1402041772008648 
0.0033890395446743134 0.9414243931536753 
0.04836402975498201 0.731781598754686 
0.6277920852600002 -0.2734312897084528 
0.41625571130869216 0.15136463543526338 
0.4158509531334701 0.15650574343831078 
0.21674632400463115 0.4255972113512273 
0.002721533249991512 0.9475992771642091 
0.02327900105713336 0.8318784543472628 
0.4122219050826108 0.20353767237045858 
0.8384354227279268 -0.6993677384683099 
0.6514878902230204 -0.457924283247379 
0.23258645711836606 0.3190859146089524 
0.20382142977224815 0.5243851691698399 
0.626826345732997 -0.2596445893705752 
0.6232849993289269 -0.20583926137127767 
0.8359172209513676 -0.669717441513227 
0.41491571964256835 0.16853817386036835 
0.4107356995618417 0.22319516738811718 
0.44045984336567373 -0.08449554577245888 
0.006853110941486884 0.9157524005852796 
0.21934575137904666 0.4064025205757279 
0.017672135555511975 0.85774840068638 
0.18917775522656652 0.6281410148688368 
0.43700903151516873 -0.06172515650227279 
0.23773474835435823 0.2921162646252384 
0.22612246136354086 0.3590461668358962 
0.6187119458301714 -0.12970512450681354 
0.41088766518950315 0.2211767695502895 
0.6351588513936784 -0.3643311944843133 
0.1905612200076357 0.6191490970264163 
0.4142339956347446 0.17726710580322164 
0.8357550447628068 -0.6676493673555105 
0.20153793992965152 0.5413365480407503 
0.6306520804379288 -0.3118305313520572 
0.011470977582179354 0.8888524336149269 
0.25230724960956363 0.24605355360783945 
0.4139709095286392 0.18067644448531014 
0.4432420208110537 -0.09905421053637926 
0.40949135077991783 0.23978427191423157 
0.19801932970600822 0.5673280721952583 
0.19369570855083112 0.5980033794693655 
0.6280543744609786 -0.2771061881786048 
0.204646706971756 0.5178526058602507 
0.22103740008130518 0.39417344957206385 
0.24490969648403027 0.2633316943171522 
2.772534892356987E-4 0.9833466545295916 
0.6188366281590708 -0.1318679665149303 
0.6297466547528272 -0.30007931159972845 
0.4167957289351977 0.1445818753896944 
0.18254592481214832 0.6679020664392775 
0.432098163241051 -0.022886562035270282 
0.6282249263629825 -0.2794795870278296 
0.8511579720980488 -0.77317704726612 
0.04746296013912421 0.7348277625901747 
0.842928350264134 -0.7403045945613377 
0.03654508909853832 0.7755037178518358 
0.8234190360536031 -0.4600447975597625 
0.045398142158354714 0.7431128551994844 
0.2250650885730847 0.3661196551520755 
0.02555883398076883 0.8217413815865521 
0.026226120018590038 0.8188107825265747 
0.8268182173887096 -0.5259147936097768 
0.23356128835730847 0.31361725445952143 
0.03062516936142129 0.7998745204858757 
0.22570653193914997 0.36181266253568023 
0.4113620180549049 0.21488856048128288 
0.23509695940864145 0.30534492068242125 
0.2477563657841968 0.25510753076529175 
0.0016046601145154882 0.9598609312464392 
0.43610857115797574 -0.05561905469236322 
0.21482110778228217 0.4400625321039507 
0.06230388241923224 0.6926854553638614 
0.0077358541134695535 0.9101856428380146 
0.22710384558219088 0.35260594316483923 
0.23818271823150255 0.2900039804381353 
0.6452758224106075 -0.4414727855723328 
0.6239050622171237 -0.2156106300231947 
0.23953697957970183 0.2838624312653679 
0.19005146372126958 0.6224886315213918 
0.03244655279291178 0.792234004128275 
0.0010408249084113558 0.9678243589443786 
0.06636498906944681 0.6846003017918736 
0.45193799628950626 -0.12336395913293562 
0.1977989438276937 0.5689206158238026 
0.6328441593995684 -0.33864689345631055 
0.4447716207550525 -0.1056972436414537 
0.2443786830973087 0.2650754388305829 
0.047168845600406684 0.7358337133354702 
0.8288214749081827 -0.5624343770507275 
0.030920131360625436 0.798629038874586 
0.4247344603829994 0.0504666816731478 
0.055034504934865405 0.7110580858847164 
0.6227196116456939 -0.19680719338636096 
0.43174026847372104 -0.019700054589531002 
0.8328781892136419 -0.6278871720792697 
0.6502195850399964 -0.4565660485949812 
0.027557128340830128 0.8130099100831517 
0.04414216338953399 0.7465028599722758 
0.2142553150512197 0.4443453520967109 
0.4407042091991902 -0.085900085268804 
0.8280291147896703 -0.5484509495969468 
0.8337870213565465 -0.6410685825807031 
0.04473020035295113 0.74438667152385 
4.041808120777146E-4 0.9798906670269546 
0.6195107780589488 -0.14348362048501123 
0.2079980862632615 0.4922170198835327 
0.4194559884236645 0.11163111399899925 
0.6205923341052776 -0.16183103400622084 
0.24931925441522743 0.2514189780554723 
0.4268213834172806 0.02820223739086964 
0.8298499089256509 -0.5800162307964312 
0.6237390867920405 -0.21300903970386378 
0.42764500969483776 0.019828259606647587 
0.004088647656989602 0.9355337276667963 
0.8379647205747204 -0.6941814675022357 
0.005258079282627837 0.9266227614601751 
0.4134210877662123 0.18783102051698297 
0.20720030687693425 0.49833647892898036 
0.6203440139785928 -0.15765081919752452 
0.02493449329329378 0.8244983757839215 
0.08064035094207764 0.6699502814572502 
0.03861641216797225 0.7673416035312745 
0.4372473795604098 -0.06387007314482504 
0.8396717132698475 -0.7115712389826799 
0.18280963937769495 0.6664345915248578 
0.6225074211429852 -0.19338797334171098 
0.007968545992859122 0.908759218298882 
0.01936040630059495 0.8497955589540146 
0.8494032341288429 -0.7708257043876634 
0.8258724916784516 -0.5085409136460273 
0.8272467305608913 -0.5342797679595724 
6.407656095068492E-4 0.9746739324901722 
0.20774456404308966 0.49416235489984395 
0.20649612866431125 0.5037313504052108 
0.41184011375079405 0.20856913803500574 
0.8250005643763015 -0.49082317643461315 
0.037777814339348265 0.7706078470202903 
0.2544877715362129 0.24359627982072943 
0.6301327689760292 -0.3051375522144919 
0.21016495900081145 0.4755829766516402 
0.23643194957687097 0.2984810923222963 
0.2401452190032974 0.2812260093398944 
0.8282672299873172 -0.5526925562081554 
0.007434694097307834 0.9120592026453077 
0.831916143477367 -0.6133276360151669 
0.8308973135432922 -0.5972444976843988 
0.4357262576659266 -0.05274251339933873 
0.0496899909839541 0.7273998469401146 
0.20004349663150228 0.5524644279176963 
0.027711490264608937 0.8123412235498746 
0.6440642975734961 -0.4354348035077309 
0.21562137227267816 0.43402797833500373 
0.6228337780201009 -0.19864025151737458 
0.006239078506806769 0.9197970784863941 
0.8417304683193974 -0.7309429014954594 
0.0510970935851528 0.7228865906313497 
0.21654863352930567 0.42707423651083226 
0.2034643754095804 0.5268290733530557 
0.4326755574605112 -0.027938577557689224 
0.02509837300489598 0.8238846377851673 
0.6185503163158563 -0.12689472729919074 
0.6189403861132368 -0.13366440726780238 
0.8327267359026194 -0.6243346342219698 
0.22913675920641224 0.339662430319774 
0.8324861387871043 -0.622028420015629 
0.6409467399503317 -0.4157885380940298 
0.8261699244465189 -0.5142013668471871 
0.4301598404117992 -0.005137475915975856 
0.4214112250129418 0.08827204470733942 
0.6367119593674325 -0.37997555505698266 
0.19672739620348656 0.5766507211263802 
0.8360624799540379 -0.6715537454288157 
0.6322127437800045 -0.3311650982694366 
0.6350106328685061 -0.3627704289403803 
0.22837717725726747 0.3444315604907995 
0.012940133433737247 0.8811284908050941 
0.19537839486138348 0.586251557530388 
0.19954842272205198 0.5561310060454242 
0.0011383139453785517 0.9662205970117962 
0.02089634762584798 0.8426906250774683 
0.24062251116554983 0.2805201267447699 
0.6326029553021388 -0.33581236607062126 
0.024162181669873495 0.827928429750995 
0.6507854356605228 -0.4573000586010127 
0.41172752428242776 0.21013193057326726 
0.06430023843208688 0.6885053061574966 
0.8435205607433091 -0.7445386297772699 
0.6448713225121535 -0.43955767795504885 
0.418412770400209 0.12439271821242996 
0.23604218653633913 0.300447907511666 
0.2296973789761588 0.3361953531655104 
0.4199315966237889 0.10587974506751116 
0.41525300933484544 0.16414288661241205 
0.21380393393321598 0.44777066648738856 
0.4231265244229854 0.06844026408152273 
0.8408373172832295 -0.7232131159695652 
0.4401302126247924 -0.08256430621862851 
0.41932452239541174 0.11322840952538214 
0.003048422118712313 0.9446133714593065 
0.42273968702765513 0.07285966619952393 
0.41410319697400505 0.17896109571495958 
0.20407872705047772 0.5221707320272269 
0.6320442618152975 -0.32913514277080536 
0.41199465887486125 0.20654299917038735 
0.6240710262975716 -0.21820171964710694 
0.8409620557837126 -0.724330130991636 
0.24673349407859785 0.25784177881029424 
0.6285981324998255 -0.2846279821857704 
0.012422751971517175 0.8838164857786835 
0.43198806687710245 -0.02191076971815986 
0.002300721043514975 0.9519872633619579 
0.2225564775296642 0.3834022353688745 
0.06348499860448809 0.690166295687235 
0.057486901569970494 0.7043474834672651 
0.1875197279032636 0.6386178257451496 
0.2397658703561758 0.28286131178360385 
0.0032256068678158034 0.9428793224280184 
0.6230371002841589 -0.20167470307821966 
0.026679503128114568 0.8168274529438977 
0.008625926812778031 0.9048150849301609 
0.003650585777174642 0.9391621672386303 
0.8454673707566488 -0.7563931526421053 
0.054406538975677876 0.7128618704772308 
0.8414134804248509 -0.728271060749387 
0.20236371971049064 0.5351380470208262 
0.24579089275540095 0.2605818490125473 
0.052741872214287 0.7177976881202034 
0.6225981088295809 -0.19485070923649658 
0.8329018569470974 -0.6282375531083603 
0.049365404752931996 0.7284611369180733 
0.6344846408694899 -0.3571378371292114 
0.4291847771531039 0.004234366619913294 
0.6473144306469434 -0.4495698174134476 
0.6274531699109579 -0.268638518099857 
0.8247672968093801 -0.48708641347267206 
0.20818741202597213 0.4908453783644751 
0.21884715915901093 0.4100665983855387 
0.8381453922608787 -0.6961918577785645 
0.8378288008230788 -0.6926533166168998 
0.42302329711229125 0.0696851628437169 
0.828337252780675 -0.553933483153933 
0.6325551531080578 -0.3352471472536168 
0.41037661183735535 0.22797142097612702 
0.023131016336736133 0.8325430554748877 
0.24202677807617934 0.2735642147968641 
0.44100775660826413 -0.08760910846716763 
0.2199679152467136 0.4018781807778873 
0.6260876745362013 -0.24883405024575908 
0.20582004233989162 0.5089815540222921 
0.6289442079851003 -0.2893470171357871 
0.22209766359525007 0.38663681886960455 
0.18309138910420739 0.6648564779656139 
0.8304092135125368 -0.589271464706085 
0.8382555726028409 -0.6974046813654444 
0.07043507664145604 0.6781919389419158 
0.224163577619035 0.37225278270880796 
0.06745757180585568 0.682739291662117 
0.012663837053310728 0.8825598883847481 
0.4228427681891088 0.0716755837925961 
0.6330500221779192 -0.3410427207146124 
0.4127545578737244 0.1965413758382497 
0.825808314817661 -0.5073131721748747 
0.6400741264162653 -0.40925195695158423 
0.24942017912735176 0.2512013570564338 
0.03226923613511418 0.7929725094336438 
0.6253480526822915 -0.2375425197215575 
0.42072160910533424 0.09642346711173055 
0.6383126956592466 -0.39470136937343175 
0.24078206159029306 0.27854837496514284 
0.6198998942060187 -0.150126228461971 
0.19090216962607837 0.6168996977940906 
0.1988598537967437 0.5630213628826493 
0.4442091679604696 -0.10336872725705308 
0.42400025306010464 0.05859637853555164 
0.21541316199278687 0.435595259293678 
0.43996287204434315 -0.08156763719244486 
0.6353695048488003 -0.36652928768066456 
0.07043507664145604 0.6781919389419158 
0.6337257617399267 -0.3487561891767106 
0.03882206843434757 0.7665139807952878 
0.6202843520164634 -0.1564048168355834 
3.2705686698013617E-4 0.9819195423727348 
0.835615123379469 -0.6658485186876962 
0.2196964460906362 0.4038486275731421 
0.8406056909511197 -0.721106832742338 
0.43930020665293634 -0.07750962087215654 
0.23685112789472962 0.2963975618454877 
0.1942096412939856 0.594441824732253 
0.43160173464585644 -0.018445072427063555 
0.4245224947056357 0.052800086869922505 
0.18456577985148725 0.6564155129419271 
0.8434789237889337 -0.7442404889502393 
0.23477325325924375 0.307046381563272 
0.418048385397071 0.12889557954421063 
0.4280230175054094 0.015891695168054266 
0.6289887704913928 -0.28995071867366606 
0.43581571799581875 -0.053420364759333074 
0.6294910648612464 -0.2966929616528125 
0.8285789132466357 -0.5581936371842307 
0.0028764771320599035 0.9461096276236114 
0.1985601304131563 0.5633779080760343 
0.24716467586036056 0.25665861671150864 
0.035593878108672816 0.779326273363314 
0.010603274926752306 0.8935606808100862 
0.21856252741013307 0.4121388621590898 
0.20122348992542782 0.5439566980258889 
0.23715138506012728 0.29492583729824645 
0.8390470178235184 -0.7058572583965702 
0.23536727967701832 0.30392061427928174 
0.8248886429877871 -0.4894740396256099 
0.6356613525708417 -0.3695353856072571 
0.8290926355786075 -0.5671330185449571 
0.6354571515022426 -0.3674368654768696 
0.8254692388266333 -0.5007891166169041 
0.25373750185570715 0.24428596365744515 
0.8331076934828298 -0.6312688063613331 
0.1896261154699938 0.6265348324614017 
0.0021607835819256738 0.9533693737557966 
0.2554688196359285 0.2428531448819485 
0.6214453984769691 -0.17472103778248632 
0.0020152379814819127 0.9549831185341445 
0.415355696478901 0.16288187145740599 
0.20035535411388267 0.5501526065072935 
0.6430720423920084 -0.4297975780439596 
0.24521129559657112 0.2623702264572136 
0.06791343393007372 0.6819580281087038 
0.44878624904457387 -0.1183751309419731 
0.005614569189324015 0.9240843618976081 
0.2190882867857838 0.40828528243010853 
0.1852825107372915 0.652203920711295 
0.4196830890540897 0.10887950358096402 
0.4388256282794677 -0.07450125814822667 
0.6393010850295358 -0.4030895144855299 
0.831136449501672 -0.5999691963567596 
0.6254259194293277 -0.23895938615603865 
0.2441128509620693 0.26597266722505825 
0.6190458871593941 -0.1354878274178512 
0.6273089822396638 -0.26640536420058736 
0.0227005573042111 0.8344816592230204 
0.8291584778450651 -0.5682671675760237 
0.4110290946319608 0.2192999253985038 
0.23157255559458798 0.32494079449421975 
0.8274762751945557 -0.5384744047202497 
0.008961105558073293 0.902847332192965 
0.6221813434089816 -0.18810275834839973 
0.6263439951839808 -0.2526109454609421 
0.6191683312836473 -0.1367067513398219 
0.8268286768133464 -0.526562592624792 
0.8402292343257498 -0.7175948008908309 
0.6296644818401184 -0.2989938886105556 
0.42546880345310617 0.043623548525282926 
0.6197954207049969 -0.1483472908026242 
0.41571677949598085 0.15821514102144638 
0.41209867748086937 0.20516015380999375 
0.6456804241580858 -0.4432866821366143 
0.6336332169480393 -0.3477136482921097 
0.0037698969393292203 0.9381565877832039 
0.18456577985148725 0.6564155129419271 
0.6495941674989151 -0.4555154205570773 
0.8270834164407146 -0.5312769220519501 
0.6229453466432644 -0.20042710058003918 
0.4437131658119838 -0.10110457882683205 
0.004340226835644528 0.9335327824938614 
0.8391824290686696 -0.7072557279269728 
0.1871536384021305 0.6408851993841937 
0.2256224271006638 0.3623746160925472 
0.622236484856604 -0.18899912014021908 
0.19340608028196915 0.5999993454057448 
0.42776432340780796 0.018392951627397583 
0.18592405658875372 0.6483746346632782 
0.41111711489138947 0.21814300517908117 
0.6348411124537265 -0.3609709756943095 
0.6265372914193517 -0.25544123330516416 
0.6493368855461006 -0.4549367308812492 
0.8287741011710981 -0.5608697602108623 
0.42877930420636456 0.008215712365014564 
0.19608194241952207 0.5812639896389 
0.43766471089551257 -0.06677304619981236 
0.8431172437286564 -0.7416981969326991 
0.6259838208034787 -0.24729609132924243 
0.24238136123499143 0.27220576839358324 
0.03143584427888002 0.7964589658905818 
0.20967526577968734 0.4793413961830136 
0.004642350283812241 0.9311905450052889 
0.42431687975187005 0.05507421146564638 
0.8334820658918471 -0.6344338548655807 
0.6213372738218776 -0.1742520452540185 
0.6341340692112992 -0.3533030648429636 
0.4200715680260845 0.10419536964190904 
0.41734902708994687 0.13760040406136204 
0.6235487494388782 -0.21001239957296144 
0.631372737580486 -0.3209055447637785 
0.060384790130734556 0.6970672452306166 
0.4411986906630514 -0.08866828572238229 
0.8271342509593893 -0.5322132570255432 
0.4389814521955005 -0.07549924272909386 
0.633272451191978 -0.34360758054373836 
0.08153161436372408 0.6697675731350476 
0.6292969238785864 -0.29385780936701766 
0.8415606910372496 -0.7295217060109832 
0.6315902378775624 -0.32359464638998353 
0.1950453944471266 0.5885976202363882 
1.0335886343034936E-4 0.9898331083544012 
0.4156163754201917 0.15949595907502684 
0.221335723699893 0.3921444714696978 
0.23123203269242243 0.3269442160649106 
0.01703932267571512 0.8607764535758827 
0.42332221788069324 0.06634210575918524 
0.834095342397173 -0.6454118278278517 
0.061084430421912514 0.6954292776797641 
0.8294303103818332 -0.5729214340714289 
0.4441207445219851 -0.10299053145571543 
0.6346093231983893 -0.3584861816465915 
0.00723840949638318 0.9132892828839559 
0.2196878075598634 0.405007045054185 
0.4293514387969628 0.002611994240359421 
0.2013441405142464 0.5427864092967708 
0.6376472393629882 -0.38875982226712447 
0.8299352113932963 -0.5814451863406184 
0.01119036500332414 0.8903620032599511 
0.42866551577359013 0.00935213133551465 
0.640697994333828 -0.4139707664251838 
0.18976667815558285 0.6243402816880192 
0.6469402215083563 -0.4482781095815241 
0.2103980089567115 0.47379494062504274 
0.4163353310064053 0.1503561382963119 
0.22684669861822543 0.3542802041130627 
0.031306341675449156 0.7970030013440158 
0.20279103916150587 0.5319181721268086 
0.8236999734251955 -0.4657560278682382 
0.6264860323229808 -0.2546921906423788 
0.4259787295884585 0.036999337568570226 
0.8309995916580816 -0.5988894174157786 
0.8275103131090389 -0.5390938076172938 
0.22864826414824008 0.3427201966032601 
0.05624474451869982 0.7076744268306618 
0.6448713225121535 -0.43955767795504885 
0.620949633002039 -0.16781114552402246 
0.04567106055599103 0.7410429742923009 
0.6218801558579226 -0.18318816965308618 
0.6343114698619554 -0.3552516059947891 
0.8496191610265138 -0.7713062351498525 
0.20360841011646152 0.5257381535817103 
5.719143655585641E-4 0.9760751726398297 
0.8386165725592845 -0.7013193060781049 
0.04329602454004822 0.749583709606121 
0.08212119399936203 0.6696936550967779 
0.043599195386844036 0.7484753461079804 
0.23196701736794578 0.3226431219602094 
0.4495278536584278 -0.1199467868296433 
0.022432299211489662 0.8356935720102405 
0.6391072867228111 -0.40149187892325344 
0.0017368507536579814 0.9582299347300228 
0.6186047489631071 -0.12784203299181554 
0.20949325463070564 0.48099940994341717 
0.23059170796859663 0.3307605806275918 
0.6397940073385252 -0.4070593190193492 
0.8361913573727133 -0.673170222225432 
0.6314328004936005 -0.3216505981651443 
0.6309307800194669 -0.3143855744318595 
0.22895061056174287 0.34082363883101174 
0.4242652587937523 0.055646777360275 
0.054514938400699806 0.712548189237301 
0.07318321227036073 0.6748599784895344 
0.03743626166047525 0.7719576346118696 
0.6381919910411596 -0.39365132239849954 
0.07240930594844985 0.675716343838386 
0.4191778274579723 0.11501452381872668 
0.2025285761956259 0.5338967882140546 
0.833961965851199 -0.6435410410683009 
0.06691056905964898 0.6836410209259441 
0.8287558703922098 -0.5591680196705605 
0.6401743590306478 -0.4100254271244208 
0.021953151031740115 0.8378656519257922 
0.6220461178911777 -0.1859001199817927 
0.43790070991596036 -0.06838552952955515 
0.8348660096849121 -0.6552812480173331 
0.18574179640511068 0.6494679595711721 
0.6208613239666181 -0.16633695494670803 
0.05590033253506549 0.7086251168647804 
0.638996028570505 -0.40056433568915745 
0.4279078589607891 0.01693559847714537 
0.013562933540340272 0.8779342336134012 
0.4256124724300465 0.04092202302863533 
0.4173211223236357 0.13794956088278107 
0.6291799232046251 -0.29253009084319753 
0.43264255119340117 -0.027652227335097233 
0.026000325586959 0.8198002342958955 
0.005818109862734955 0.9226660251775265 
0.44358861746661987 -0.10064157438190165 
0.18732127234688636 0.6398493212444486 
0.6331903153227763 -0.34266123555673744 
0.8245249612925105 -0.48229518798056165 
0.22481724338678194 0.36779676232017566 
0.03611094261777997 0.7772438583947237 
0.42513811077213837 0.0460543071164709 
0.21703850117224555 0.42352165418634596 
0.20318717211466353 0.5289263831905984 
0.0024923508734607247 0.9498815994731576 
0.04577081390979221 0.7406943460382508 
0.019752686421213222 0.8479700986141759 
0.42946238083337684 0.0015367161802649217 
0.24559056882843328 0.2611910998274456 
0.6403905412644526 -0.4116736595002503 
0.4424378098207986 -0.09517059061863356 
0.8351878254356572 -0.6600465463824756 
0.8349570476156205 -0.6571998381602734 
0.01069474625195066 0.8930585402229304 
0.429733337134826 -0.0010738118822111095 
0.22817006321147187 0.3457459127508039 
0.6347407483652812 -0.3598985206084331 
0.8294471820384695 -0.5732078082572194 
0.4240799368370179 0.0577076789734739 
0.44639437760070666 -0.11166111044851881 
0.42599530571791966 0.03682264013727437 
0.2366224989879097 0.2975297557111726 
0.021532689564397564 0.839779382129193 
0.8242981307139102 -0.4777826693513221 
0.042586236587622964 0.7521993130980933 
0.19557574606243167 0.5848565819699493 
0.6239846747796048 -0.21682829036562049 
0.4296064254557961 1.4614302322953695E-4 
0.8265408819000195 -0.5211914174850457 
0.061504775342823226 0.6949637203055278 
0.013643184817127646 0.8775520539846645 
0.20495162453786084 0.5155303496448795 
0.8289565933966603 -0.5647812895052093 
0.6339131151172807 -0.3508532541722689 
0.8344395687143233 -0.6501830296437977 
0.4428207520085394 -0.09705315954794884 
0.22644605245342606 0.3569085101317705 
0.21096100217281322 0.469477831182655 
0.18330095160875792 0.6636753145503614 
0.8237371130220675 -0.4665080711629536 
0.4429268142078918 -0.09756387854278967 
0.44579376326447606 -0.10958514820227185 
0.4253421174855992 0.043839986116529346 
0.02575725780295034 0.8208680952616109 
0.19340608028196915 0.5999993454057448 
0.4178891497209448 0.1308803966835872 
0.1902698566782212 0.6210610830303508 
0.6242100339154528 -0.22036395834506214 
0.42060223328896185 0.09784447532716699 
0.25577028230488486 0.24268341697185675 
0.8339040271229007 -0.6427245414141105 
0.8364539504242243 -0.6764266686978208 
0.412586996581628 0.19873923427140075 
0.6329149024680407 -0.3394726790186257 
0.4414495618340552 -0.09003502655347641 
0.41019861843870653 0.23034236552760712 
0.22622325449526426 0.3583789330148652 
0.43856806862130526 -0.07283116836830306 
0.20041929180954215 0.5496779325626691 
0.048818903891216237 0.7302646959927667 
0.4266170294837905 0.030248148305469808 
0.8405063804932302 -0.7201910013451444 
0.22240091123736105 0.3844960413698083 
0.19895764625004345 0.5604673178031084 
1.3518325340200477E-4 0.9883725926351906 
0.41478386773424547 0.17021587622267603 
0.4134944008514831 0.1868730097145249 
0.830172368438169 -0.585394022467632 
0.19450237211800303 0.5924023183584489 
0.8302655365842624 -0.5869356705052607 
0.21583932831375757 0.43238953697661564 
0.6312013498996282 -0.3187699659469566 
0.8341723443931544 -0.6464081644471474 
0.2475247373315826 0.25584082531529945 
0.8269654348400777 -0.5290981028203376 
0.19391624874892105 0.5964781085019297 
0.21069472587031515 0.4715193968033549 
0.830036466210037 -0.5831354485032731 
0.4245971598871934 0.05197686711544286 
0.2239231921210537 0.3739031200351986 
0.2296973789761588 0.3361953531655104 
0.2030362988624795 0.5300666078375311 
0.6462847595319401 -0.4458059562047435 
0.022118824249809654 0.8371134218875717 
0.4205175731731031 0.09885386696758384 
0.2516302036368474 0.24707217339355733 
0.41034493366848834 0.22839322378664004 
7.203951838619105E-6 0.9973159806365252 
0.19501353245937625 0.5888215831366069 
0.6282199581585886 -0.27941062975591346 
0.21249233654441893 0.45784186727095627 
0.4220079083369538 0.08130200693045793 
0.43487341838673327 -0.04613621132550097 
0.035754772060694454 0.778677035039919 
0.41140676070181836 0.21429599978919434 
0.04668424646974256 0.7375034312828879 
0.8474329186873546 -0.7652397676089835 
0.42020332794849674 0.10261329478549226 
0.8344113356895086 -0.6486108241736701 
0.07195610611759787 0.6762476683891896 
0.6397195366945061 -0.4048703510225005 
0.834269275126535 -0.6478329487166622 
0.8322331125019959 -0.6181926637794886 
0.6262330483285379 -0.25057096048520966 
0.42659062385328606 0.030525150452963737 
0.2170629877007564 0.4232362625655076 
0.44251071303507306 -0.0955336368382936 
8.964925952195113E-4 0.9700332686860352 
0.23054226956228302 0.3310578636843121 
0.41827103092478585 0.1261416122315948 
0.62437554711578 -0.22292891477263976 
0.6210741409318299 -0.16988530647455563 
0.43925318360448745 -0.07695372854516096 
0.8364863666182822 -0.6768251533906237 
0.027047876474632564 0.8152219760922212 
0.2247231769106659 0.36843505954775413 
0.04489060880103393 0.743815336275874 
0.001441032620793134 0.9619738493001151 
0.6295190700423807 -0.2970654768218742 
0.20573302153798678 0.5095677863725023 
0.6455144281704844 -0.44255484197812084 
0.0429570488476233 0.7508293562900005 
0.06491871872267216 0.6872917389593114 
0.19432494972349015 0.5936393176892003 
0.6465410801797197 -0.44680538462262076 
0.19992357822928652 0.5533518430106392 
0.4414495618340552 -0.09003502655347641 
0.05013358004294289 0.7259615688417168 
0.42202029615151604 0.08115809184337186 
0.43313844515542327 -0.031908453092115534 
0.01948536857975966 0.8492133287549556 
0.43720231623563777 -0.06355268427825093 
0.8247945508813592 -0.4876233892421465 
0.42515803703606475 0.04583754193305557 
0.8242760269533264 -0.4773413711607386 
0.6248254371326016 -0.22984772052276 
0.423372908001895 0.06564615884787683 
0.8289712473860387 -0.5650351548449694 
0.830335925683962 -0.588096761629395 
0.21269995500869657 0.45618827080091295 
0.6334663917234815 -0.34582320290309243 
0.19580586440246783 0.5832257474924598 
0.8326167344556888 -0.6239914742402127 
0.45289050731674957 -0.12399590443655742 
0.03184668943582539 0.7947371316531634 
0.633437112394672 -0.34548993981663406 
0.05758698013827161 0.704068223863688 
0.4526587986878161 -0.1238798346100662 
0.04622118885108231 0.7391129947430489 
0.03743626166047525 0.7719576346118696 
0.03184668943582539 0.7947371316531634 
0.04897534484019461 0.7297672647246635 
0.213954103366567 0.44663035127591677 
0.42182185583119114 0.08346568141232866 
0.21093698434954988 0.4696619886418804 
0.23559316069745367 0.3027490079208476 
0.1909918477811881 0.6163058590720846 
0.05804139707020636 0.702883077727629 
0.8486615714757845 -0.7691386614589587 
0.41818185103637207 0.12724364301773303 
7.4030534165103745E-6 0.9972791430352856 
0.046677662977006665 0.7375262194100466 
0.6411314870066573 -0.4171150043796301 
0.24279904711475037 0.2706412109300598 
0.02002147105115299 0.8467235195836491 
0.009066430177881266 0.9022348626252207 
0.412586996581628 0.19873923427140075 
0.43830523731692683 -0.071100608779998 
0.07345113448856008 0.6747805678495921 
0.23737328958884607 0.2938519246431617 
0.8264763913476891 -0.5199823916724006 
0.005973297168912801 0.9215985308558426 
0.6374978685956332 -0.38738935092000154 
0.24282195130222917 0.2705563218771759 
0.8323442117194255 -0.6198506361368029 
0.41275235429300583 0.19657026119173657 
0.08064035094207764 0.6699502814572502 
