20953.0 -17156.447971017267 
21368.0 -17377.272294097325 
21095.0 -17165.43585056856 
21097.0 -17277.860533815197 
21207.0 -17355.208339308225 
21194.0 -17288.750603043813 
21259.0 -17368.00059821416 
21161.0 -17279.762723492517 
21256.0 -17366.09840853684 
21161.0 -17279.762723492517 
21207.0 -17355.208339308225 
21194.0 -17288.750603043813 
21256.0 -17366.09840853684 
21259.0 -17368.00059821416 
21095.0 -17165.43585056856 
21097.0 -17277.860533815197 
21207.0 -17355.208339308225 
21161.0 -17279.762723492517 
21194.0 -17288.750603043813 
21095.0 -17165.43585056856 
21097.0 -17277.860533815197 
21207.0 -17355.208339308225 
21161.0 -17279.762723492517 
21194.0 -17288.750603043813 
21095.0 -17165.43585056856 
21097.0 -17277.860533815197 
21207.0 -17355.208339308225 
21161.0 -17279.762723492517 
21194.0 -17288.750603043813 
21095.0 -17165.43585056856 
21097.0 -17277.860533815197 
21207.0 -17355.208339308225 
21161.0 -17279.762723492517 
21194.0 -17288.750603043813 
21095.0 -17165.43585056856 
21097.0 -17277.860533815197 
21207.0 -17355.208339308225 
21161.0 -17279.762723492517 
21194.0 -17288.750603043813 
21095.0 -17165.43585056856 
21097.0 -17277.860533815197 
21207.0 -17355.208339308225 
21161.0 -17279.762723492517 
21194.0 -17288.750603043813 
21095.0 -17165.43585056856 
21097.0 -17277.860533815197 
21207.0 -17355.208339308225 
21161.0 -17279.762723492517 
21194.0 -17288.750603043813 
21095.0 -17165.43585056856 
21097.0 -17277.860533815197 
21207.0 -17355.208339308225 
21161.0 -17279.762723492517 
21095.0 -17165.43585056856 
21097.0 -17277.860533815197 
21207.0 -17355.208339308225 
21161.0 -17279.762723492517 
21095.0 -17165.43585056856 
21097.0 -17277.860533815197 
21207.0 -17355.208339308225 
21161.0 -17279.762723492517 
21095.0 -17165.43585056856 
21207.0 -17355.208339308225 
21161.0 -17279.762723492517 
21095.0 -17165.43585056856 
21207.0 -17355.208339308225 
21161.0 -17279.762723492517 
21095.0 -17165.43585056856 
21207.0 -17355.208339308225 
21161.0 -17279.762723492517 
21095.0 -17165.43585056856 
21207.0 -17355.208339308225 
21161.0 -17279.762723492517 
21095.0 -17165.43585056856 
21161.0 -17279.762723492517 
21095.0 -17165.43585056856 
21207.0 -17355.208339308225 
21161.0 -17279.762723492517 
21095.0 -17165.43585056856 
21161.0 -17279.762723492517 
21161.0 -17279.762723492517 
21161.0 -17279.762723492517 
21097.0 -17277.860533815197 
21161.0 -17279.762723492517 
21161.0 -17279.762723492517 
21161.0 -17279.762723492517 
21161.0 -17279.762723492517 
21207.0 -17355.208339308225 
21161.0 -17279.762723492517 
21095.0 -17165.43585056856 
21194.0 -17288.750603043813 
21207.0 -17355.208339308225 
21095.0 -17165.43585056856 
21161.0 -17279.762723492517 
21161.0 -17279.762723492517 
21161.0 -17279.762723492517 
21207.0 -17355.208339308225 
21194.0 -17288.750603043813 
21161.0 -17279.762723492517 
21095.0 -17165.43585056856 
