2.6020852139652106E-17 1.7776544506300214E-16 1.5433653006294942E-17 1.2478573612845072E-16 0.0 0.0 2.205377672725172E-19 0.0 3.16209471641217E-17 0.0 1.4331007760847068E-16 1.414920892502298E-18 4.9441317191421704E-17 2.148464565222986E-17 2.11350961229504E-16 0.0 0.0 3.18590204329433E-17 0.0 9.590063206592783E-17 0.0 9.481295862754997E-17 1.2542238696921606E-16 7.054222742018044E-17 7.065847731730625E-17 5.1420148866558664E-17 1.0917005868006546E-16 2.4991330810923486E-16 9.968969331989105E-17 0.0 
0.8518329992926333 0.0 1.5433653006294942E-17 1.2478573612845072E-16 0.0 0.0 2.205377672725172E-19 0.0 3.16209471641217E-17 0.0 1.4331007760847068E-16 1.414920892502298E-18 4.9441317191421704E-17 2.148464565222986E-17 2.11350961229504E-16 0.0 0.0 3.18590204329433E-17 0.0 9.590063206592783E-17 0.0 9.481295862754997E-17 1.2542238696921606E-16 7.054222742018044E-17 7.065847731730625E-17 5.1420148866558664E-17 1.0917005868006546E-16 2.4991330810923486E-16 9.968969331989105E-17 0.0 
2.6020852139652106E-17 1.7776544506300214E-16 1.5433653006294942E-17 1.2478573612845072E-16 0.0 0.0 2.205377672725172E-19 0.0 3.16209471641217E-17 0.0 1.4331007760847068E-16 1.414920892502298E-18 4.9441317191421704E-17 2.148464565222986E-17 2.11350961229504E-16 0.0 0.0 3.18590204329433E-17 0.0 9.590063206592783E-17 0.0 9.481295862754997E-17 1.2542238696921606E-16 7.054222742018044E-17 7.065847731730625E-17 5.1420148866558664E-17 1.0917005868006546E-16 2.4991330810923486E-16 9.968969331989105E-17 0.0 
0.8518329992926333 1.7776544506300214E-16 1.5433653006294942E-17 1.2478573612845072E-16 0.0 0.0 2.205377672725172E-19 0.0 3.16209471641217E-17 0.0 1.4331007760847068E-16 1.414920892502298E-18 4.9441317191421704E-17 2.148464565222986E-17 2.11350961229504E-16 0.0 0.0 3.18590204329433E-17 0.0 9.590063206592783E-17 0.0 9.481295862754997E-17 1.2542238696921606E-16 7.054222742018044E-17 7.065847731730625E-17 5.1420148866558664E-17 1.0917005868006546E-16 2.4991330810923486E-16 9.968969331989105E-17 0.0 
0.26258448935651857 0.0 1.5433653006294942E-17 1.2478573612845072E-16 0.0 0.0 2.205377672725172E-19 0.0 3.16209471641217E-17 0.0 1.4331007760847068E-16 1.414920892502298E-18 4.9441317191421704E-17 2.148464565222986E-17 4.117800903289017E-13 0.0 0.0 3.18590204329433E-17 0.0 4.0452817563468326E-5 0.0 9.481295862754997E-17 1.2542238696921606E-16 7.054222742018044E-17 7.065847731730625E-17 2.969493715428212E-6 1.0917005868006546E-16 2.4991330810923486E-16 9.968969331989105E-17 0.0 
0.05318080588315459 1.7776544506300214E-16 1.5433653006294942E-17 1.2478573612845072E-16 0.0 0.0 2.205377672725172E-19 0.0 3.16209471641217E-17 0.0 1.4331007760847068E-16 1.414920892502298E-18 4.9441317191421704E-17 2.148464565222986E-17 2.11350961229504E-16 0.0 0.0 3.18590204329433E-17 0.0 1.1876255305324823E-10 0.0 9.481295862754997E-17 1.2542238696921606E-16 7.054222742018044E-17 7.065847731730625E-17 2.365661702990524E-6 1.0917005868006546E-16 2.4991330810923486E-16 9.968969331989105E-17 0.0 
0.6333851299977648 0.0 1.5433653006294942E-17 1.2478573612845072E-16 0.0 0.0 2.205377672725172E-19 0.0 3.16209471641217E-17 0.0 1.4331007760847068E-16 1.414920892502298E-18 4.9441317191421704E-17 2.148464565222986E-17 1.2173655840551738E-9 0.0 0.0 3.18590204329433E-17 0.0 8.275229824441241E-6 0.0 0.013368028190726118 1.2542238696921606E-16 0.0 7.065847731730625E-17 1.5510290374175922E-4 1.0917005868006546E-16 2.4991330810923486E-16 9.968969331989105E-17 0.0 
0.44622686305127 0.0 1.5433653006294942E-17 1.2478573612845072E-16 0.0 0.0 2.205377672725172E-19 0.0 3.16209471641217E-17 0.0 1.4331007760847068E-16 1.414920892502298E-18 4.9441317191421704E-17 2.148464565222986E-17 3.338184082408576E-11 0.0 0.0 3.18590204329433E-17 0.0 9.590063206592783E-17 0.0 9.481295862754997E-17 1.2542238696921606E-16 7.054222742018044E-17 7.065847731730625E-17 5.1420148866558664E-17 1.0917005868006546E-16 2.4991330810923486E-16 9.968969331989105E-17 0.0 
0.8267856803111813 1.7776544506300214E-16 1.5433653006294942E-17 1.2478573612845072E-16 0.0 0.0 2.205377672725172E-19 0.0 0.0027802590879119175 0.0 1.4331007760847068E-16 1.414920892502298E-18 4.9441317191421704E-17 2.148464565222986E-17 2.11350961229504E-16 0.0 0.0 3.18590204329433E-17 0.0 9.590063206592783E-17 0.0 9.481295862754997E-17 1.2542238696921606E-16 7.054222742018044E-17 7.065847731730625E-17 4.3631581633269775E-8 1.0917005868006546E-16 2.4991330810923486E-16 9.968969331989105E-17 0.0 
0.43234306182062265 1.7776544506300214E-16 1.5433653006294942E-17 0.05422230158583333 0.0 0.0 2.205377672725172E-19 0.0 3.16209471641217E-17 0.0 1.4331007760847068E-16 1.414920892502298E-18 4.9441317191421704E-17 2.148464565222986E-17 1.1736927306553205E-9 0.0 0.0 3.18590204329433E-17 0.0 2.1814156283674263E-7 0.0 1.2796067858958024E-4 1.2542238696921606E-16 7.054222742018044E-17 7.065847731730625E-17 7.404475039998764E-7 1.0917005868006546E-16 2.4991330810923486E-16 9.968969331989105E-17 0.0 
