29600.0 -15171.383647013758 
29600.0 -15171.383647013758 
29369.0 -14792.836708461535 
29600.0 -15171.383647013758 
29600.0 -15171.383647013758 
29600.0 -15171.383647013758 
29369.0 -14792.836708461535 
29277.0 -14652.52823600787 
29600.0 -15171.383647013758 
29600.0 -15171.383647013758 
29318.0 -14748.223063293171 
29600.0 -15171.383647013758 
29388.0 -14874.131706959743 
29369.0 -14792.836708461535 
29600.0 -15171.383647013758 
29388.0 -14874.131706959743 
29344.0 -14757.422429033748 
29600.0 -15171.383647013758 
29496.0 -15133.221124331445 
29369.0 -14792.836708461535 
29277.0 -14652.52823600787 
29600.0 -15171.383647013758 
29277.0 -14652.52823600787 
29600.0 -15171.383647013758 
29221.0 -14636.348573346899 
29427.0 -14968.533572249231 
29344.0 -14757.422429033748 
29277.0 -14652.52823600787 
29388.0 -14874.131706959743 
29600.0 -15171.383647013758 
29600.0 -15171.383647013758 
29600.0 -15171.383647013758 
29344.0 -14757.422429033748 
